FOXSI SMEX effective area, Dec. 6, 2015
     kev     cm2
      2.00000   1.2219491e-10
      2.02000   2.6636104e-10
      2.04000   4.9957092e-10
      2.06000   1.1532751e-09
      2.08000   2.4459265e-09
      2.10000   4.8862340e-09
      2.12000   9.0612556e-09
      2.14000   1.8997544e-08
      2.16000   3.6685261e-08
      2.18000   6.9087058e-08
      2.20000   1.2602284e-07
      2.22000   2.2477151e-07
      2.24000   3.9273285e-07
      2.26000   6.7261529e-07
      2.28000   1.1326611e-06
      2.30000   1.8695409e-06
      2.32000   3.0346904e-06
      2.34000   4.8464931e-06
      2.36000   7.6192153e-06
      2.38000   1.1799423e-05
      2.40000   1.8013721e-05
      2.42000   2.7126887e-05
      2.44000   4.0312052e-05
      2.46000   5.9139980e-05
      2.48000   8.5701772e-05
      2.50000   0.00012269095
      2.52000   0.00017353012
      2.54000   0.00024009669
      2.56000   0.00032903972
      2.58000   0.00045494178
      2.60000   0.00062423984
      2.62000   0.00084424957
      2.64000    0.0011310481
      2.66000    0.0015016803
      2.68000    0.0019765119
      2.70000    0.0025805019
      2.72000    0.0033429404
      2.74000    0.0043010972
      2.76000    0.0054913970
      2.78000    0.0069617543
      2.80000    0.0087683423
      2.82000     0.010975922
      2.84000     0.013651785
      2.86000     0.016870859
      2.88000     0.020727478
      2.90000     0.025177939
      2.92000     0.030522674
      2.94000     0.036999713
      2.96000     0.044612395
      2.98000     0.053488188
      3.00000     0.063800647
      3.02000     0.076030913
      3.04000     0.090150512
      3.06000      0.10645120
      3.08000      0.12515487
      3.10000      0.14649035
      3.12000      0.17088146
      3.14000      0.19813622
      3.16000      0.22880449
      3.18000      0.26329574
      3.20000      0.30206452
      3.22000      0.34694990
      3.24000      0.39610546
      3.26000      0.45073190
      3.28000      0.51124536
      3.30000      0.57821094
      3.32000      0.65204768
      3.34000      0.73312022
      3.36000      0.82188740
      3.38000      0.91902273
      3.40000       1.0251418
      3.42000       1.1405111
      3.44000       1.2656299
      3.46000       1.4010945
      3.48000       1.5475830
      3.50000       1.7056647
      3.52000       1.8755951
      3.54000       2.0582800
      3.56000       2.2542123
      3.58000       2.4637455
      3.60000       2.6871187
      3.62000       2.9256597
      3.64000       3.1800174
      3.66000       3.4487260
      3.68000       3.7341354
      3.70000       4.0368657
      3.72000       4.3567825
      3.74000       4.6942486
      3.76000       5.0496603
      3.78000       5.4239315
      3.80000       5.8175388
      3.82000       6.2309448
      3.84000       6.6646010
      3.86000       7.1180409
      3.88000       7.5914945
      3.90000       8.0860346
      3.92000       8.6019920
      3.94000       9.1399072
      3.96000       9.6990183
      3.98000       10.279471
      4.00000       10.884254
      4.02000       11.518423
      4.04000       12.176074
      4.06000       12.857534
      4.08000       13.562962
      4.10000       14.289655
      4.12000       15.039416
      4.14000       15.812269
      4.16000       16.610897
      4.18000       17.435753
      4.20000       18.285522
      4.22000       19.157193
      4.24000       20.050325
      4.26000       20.969201
      4.28000       21.913915
      4.30000       22.881136
      4.32000       23.872110
      4.34000       24.885551
      4.36000       25.922599
      4.38000       26.983245
      4.40000       28.066958
      4.42000       29.173567
      4.44000       30.301453
      4.46000       31.450219
      4.48000       32.625027
      4.50000       33.821858
      4.52000       35.041501
      4.54000       36.281680
      4.56000       37.541991
      4.58000       38.822101
      4.60000       40.121491
      4.62000       41.442728
      4.64000       42.785648
      4.66000       44.147062
      4.68000       45.526655
      4.70000       46.923213
      4.72000       48.338120
      4.74000       49.773708
      4.76000       51.227098
      4.78000       52.694722
      4.80000       54.179252
      4.82000       55.678475
      4.84000       57.193719
      4.86000       58.724328
      4.88000       60.270156
      4.90000       61.837615
      4.92000       63.419673
      4.94000       65.006827
      4.96000       66.607335
      4.98000       68.226592
      5.00000       69.858715
      5.02000       71.509781
      5.04000       73.172902
      5.06000       74.849773
      5.08000       76.538042
      5.10000       78.237245
      5.12000       79.946925
      5.14000       81.666802
      5.16000       83.396345
      5.18000       85.121388
      5.20000       86.854706
      5.22000       88.599592
      5.24000       90.355685
      5.26000       92.120606
      5.28000       93.893865
      5.30000       95.683426
      5.32000       97.489246
      5.34000       99.291318
      5.36000       101.08858
      5.38000       102.89115
      5.40000       104.70038
      5.42000       106.51431
      5.44000       108.32581
      5.46000       110.14099
      5.48000       111.96622
      5.50000       113.80141
      5.52000       115.63162
      5.54000       117.45625
      5.56000       119.28826
      5.58000       121.12752
      5.60000       122.96856
      5.62000       124.80269
      5.64000       126.63775
      5.66000       128.48635
      5.68000       130.34881
      5.70000       132.19873
      5.72000       134.03547
      5.74000       135.87163
      5.76000       137.71190
      5.78000       139.55118
      5.80000       141.38792
      5.82000       143.22320
      5.84000       145.06185
      5.86000       146.90368
      5.88000       148.74381
      5.90000       150.57181
      5.92000       152.39733
      5.94000       154.22021
      5.96000       156.04028
      5.98000       157.85730
      6.00000       159.67281
      6.02000       161.47964
      6.04000       163.28468
      6.06000       165.08608
      6.08000       166.87438
      6.10000       168.64897
      6.12000       170.41901
      6.14000       172.21508
      6.16000       174.00684
      6.18000       175.78836
      6.20000       177.55929
      6.22000       179.32530
      6.24000       181.07424
      6.26000       182.81786
      6.28000       184.55420
      6.30000       186.28308
      6.32000       188.00626
      6.34000       189.73365
      6.36000       191.46556
      6.38000       193.19164
      6.40000       194.90766
      6.42000       196.61758
      6.44000       198.31698
      6.46000       200.00565
      6.48000       201.68790
      6.50000       203.37269
      6.52000       205.05103
      6.54000       206.71021
      6.56000       208.34988
      6.58000       209.98252
      6.60000       211.62339
      6.62000       213.27263
      6.64000       214.91506
      6.66000       216.52752
      6.68000       218.13275
      6.70000       219.73067
      6.72000       221.33036
      6.74000       222.92279
      6.76000       224.51295
      6.78000       226.10085
      6.80000       227.68157
      6.82000       229.23979
      6.84000       230.79054
      6.86000       232.33373
      6.88000       233.88673
      6.90000       235.43237
      6.92000       236.97066
      6.94000       238.46819
      6.96000       239.95776
      6.98000       241.44987
      7.00000       242.94451
      7.02000       244.43161
      7.04000       245.90878
      7.06000       247.37600
      7.08000       248.83550
      7.10000       250.29015
      7.12000       251.73988
      7.14000       253.18195
      7.16000       254.62954
      7.18000       256.06971
      7.20000       257.50228
      7.22000       258.90356
      7.24000       260.29701
      7.26000       261.68285
      7.28000       263.06090
      7.30000       264.43117
      7.32000       265.79378
      7.34000       267.15854
      7.36000       268.51567
      7.38000       269.86525
      7.40000       271.18228
      7.42000       272.49156
      7.44000       273.79302
      7.46000       275.11209
      7.48000       276.42366
      7.50000       277.72772
      7.52000       279.01403
      7.54000       280.29286
      7.56000       281.56413
      7.58000       282.83829
      7.60000       284.10513
      7.62000       285.36457
      7.64000       286.60239
      7.66000       287.83279
      7.68000       289.05577
      7.70000       290.27328
      7.72000       291.48540
      7.74000       292.69020
      7.76000       293.89588
      7.78000       295.10244
      7.80000       296.30199
      7.82000       297.48901
      7.84000       298.66348
      7.86000       299.83089
      7.88000       300.99121
      7.90000       302.15011
      7.92000       303.30205
      7.94000       304.44705
      7.96000       305.55712
      7.98000       306.66020
      8.00000       307.75626
      8.02000       308.84545
      8.04000       309.92794
      8.06000       311.00382
      8.08000       312.06585
      8.10000       313.11391
      8.12000       314.15528
      8.14000       315.19011
      8.16000       316.24413
      8.18000       317.29182
      8.20000       318.33311
      8.22000       319.34725
      8.24000       320.35505
      8.26000       321.35661
      8.28000       322.34924
      8.30000       323.33307
      8.32000       324.31066
      8.34000       325.28202
      8.36000       326.26170
      8.38000       327.23529
      8.40000       328.20287
      8.42000       329.16535
      8.44000       330.12187
      8.46000       331.07240
      8.48000       332.01707
      8.50000       332.95593
      8.52000       333.88895
      8.54000       334.81620
      8.56000       335.72708
      8.58000       336.63229
      8.60000       337.53176
      8.62000       338.42814
      8.64000       339.32157
      8.66000       340.20940
      8.68000       341.09168
      8.70000       341.95768
      8.72000       342.81813
      8.74000       343.67303
      8.76000       344.52525
      8.78000       345.37470
      8.80000       346.21875
      8.82000       347.05739
      8.84000       347.89765
      8.86000       348.73264
      8.88000       349.56236
      8.90000       350.38691
      8.92000       351.21049
      8.94000       352.02891
      8.96000       352.84231
      8.98000       353.65070
      9.00000       354.45408
      9.02000       355.25250
      9.04000       356.04596
      9.06000       356.81566
      9.08000       357.58047
      9.10000       358.34041
      9.12000       359.09538
      9.14000       359.84197
      9.16000       360.58381
      9.18000       361.32083
      9.20000       362.05876
      9.22000       362.79766
      9.24000       363.53193
      9.26000       364.26154
      9.28000       364.97881
      9.30000       365.69139
      9.32000       366.39941
      9.34000       367.10298
      9.36000       367.80200
      9.38000       368.49660
      9.40000       369.18673
      9.42000       369.87247
      9.44000       370.56185
      9.46000       371.24690
      9.48000       371.92769
      9.50000       372.59768
      9.52000       373.25687
      9.54000       373.91177
      9.56000       374.56240
      9.58000       375.20898
      9.60000       375.85138
      9.62000       376.48961
      9.64000       377.12379
      9.66000       377.75396
      9.68000       378.38005
      9.70000       379.00211
      9.72000       379.62023
      9.74000       380.23962
      9.76000       380.86031
      9.78000       381.47717
      9.80000       382.09017
      9.82000       382.69152
      9.84000       383.28117
      9.86000       383.86707
      9.88000       384.44913
      9.90000       385.03273
      9.92000       385.61803
      9.94000       386.19956
      9.96000       386.77750
      9.98000       387.34913
      10.0000       387.91457
      10.0200       388.43988
      10.0400       388.96199
      10.0600       389.48103
      10.0800       389.99691
      10.1000       390.50969
      10.1200       391.01942
      10.1400       391.52346
      10.1600       392.02176
      10.1800       392.51703
      10.2000       393.00928
      10.2200       393.49595
      10.2400       393.97688
      10.2600       394.45492
      10.2800       394.92996
      10.3000       395.40222
      10.3200       395.86611
      10.3400       396.32706
      10.3600       396.78521
      10.3800       397.24047
      10.4000       397.68752
      10.4200       398.13174
      10.4400       398.57322
      10.4600       399.01191
      10.4800       399.45874
      10.5000       399.90289
      10.5200       400.34436
      10.5400       400.78310
      10.5600       401.21188
      10.5800       401.63077
      10.6000       402.04693
      10.6200       402.46045
      10.6400       402.87145
      10.6600       403.25032
      10.6800       403.62660
      10.7000       404.00028
      10.7200       404.37131
      10.7400       404.74971
      10.7600       405.12549
      10.7800       405.49875
      10.8000       405.86956
      10.8200       406.23534
      10.8400       406.59620
      10.8600       406.95456
      10.8800       407.31047
      10.9000       407.66398
      10.9200       407.94551
      10.9400       408.22446
      10.9600       408.50097
      10.9800       408.77494
      11.0000       409.02902
      11.0200       409.26312
      11.0400       409.49470
      11.0600       409.72385
      11.0800       409.95047
      11.1000       408.45041
      11.1200       406.94487
      11.1400       405.43385
      11.1600       403.91743
      11.1800       397.16924
      11.2000       385.17641
      11.2200       373.15954
      11.2400       361.12007
      11.2600       349.05704
      11.2800       351.69197
      11.3000       354.32928
      11.3200       356.96862
      11.3400       359.61031
      11.3600       361.42031
      11.3800       362.39659
      11.4000       363.37228
      11.4200       364.34742
      11.4400       365.32191
      11.4600       365.93906
      11.4800       366.55496
      11.5000       367.16969
      11.5200       367.78337
      11.5400       368.39584
      11.5600       368.99239
      11.5800       369.58771
      11.6000       370.18193
      11.6200       370.77499
      11.6400       371.32594
      11.6600       371.83468
      11.6800       372.34223
      11.7000       372.84844
      11.7200       373.35353
      11.7400       373.80642
      11.7600       374.25805
      11.7800       374.70838
      11.8000       375.15744
      11.8200       375.60522
      11.8400       376.03319
      11.8600       376.45987
      11.8800       376.88530
      11.9000       377.30950
      11.9200       377.73241
      11.9400       378.13592
      11.9600       378.53824
      11.9800       378.93933
      12.0000       379.33915
      12.0200       379.72116
      12.0400       380.08519
      12.0600       380.44807
      12.0800       380.80963
      12.1000       381.16999
      12.1200       381.52204
      12.1400       381.86585
      12.1600       382.20840
      12.1800       382.54975
      12.2000       382.88985
      12.2200       383.21698
      12.2400       383.53111
      12.2600       383.84401
      12.2800       384.15567
      12.3000       384.46617
      12.3200       384.77786
      12.3400       385.09064
      12.3600       385.40226
      12.3800       385.71276
      12.4000       386.02204
      12.4200       386.28997
      12.4400       386.51643
      12.4600       386.74163
      12.4800       386.96561
      12.5000       387.18839
      12.5200       387.41708
      12.5400       387.65165
      12.5600       387.88508
      12.5800       388.11730
      12.6000       388.34840
      12.6200       388.33966
      12.6400       388.09068
      12.6600       387.84008
      12.6800       387.58784
      12.7000       387.33395
      12.7200       387.07837
      12.7400       386.65057
      12.7600       386.22095
      12.7800       385.78957
      12.8000       385.35637
      12.8200       384.92151
      12.8400       378.97313
      12.8600       373.01760
      12.8800       367.05441
      12.9000       361.08420
      12.9200       355.10644
      12.9400       357.02716
      12.9600       358.94877
      12.9800       360.87106
      13.0000       362.79429
      13.0200       364.71823
      13.0400       365.86410
      13.0600       366.23085
      13.0800       366.59681
      13.1000       366.96205
      13.1200       367.32650
      13.1400       367.69024
      13.1600       368.03351
      13.1800       368.37601
      13.2000       368.71771
      13.2200       369.05870
      13.2400       369.39894
      13.2600       369.04139
      13.2800       368.68241
      13.3000       368.32209
      13.3200       367.96039
      13.3400       367.59738
      13.3600       366.67767
      13.3800       365.20040
      13.4000       363.72090
      13.4200       362.23906
      13.4400       360.75502
      13.4600       359.26864
      13.4800       359.73798
      13.5000       360.20677
      13.5200       360.67508
      13.5400       361.14278
      13.5600       361.61004
      13.5800       362.07452
      13.6000       362.53630
      13.6200       362.99754
      13.6400       363.45829
      13.6600       363.91852
      13.6800       364.37826
      13.7000       364.69540
      13.7200       365.01196
      13.7400       365.32785
      13.7600       365.64318
      13.7800       365.95784
      13.8000       366.28754
      13.8200       366.63213
      13.8400       366.97623
      13.8600       367.31971
      13.8800       367.66262
      13.9000       368.00502
      13.9200       368.26059
      13.9400       368.51559
      13.9600       368.76993
      13.9800       369.02366
      14.0000       369.27683
      14.0200       369.52935
      14.0400       369.79169
      14.0600       370.05348
      14.0800       370.31467
      14.1000       370.57528
      14.1200       370.83528
      14.1400       371.09152
      14.1600       371.34402
      14.1800       371.59597
      14.2000       371.84733
      14.2200       372.09816
      14.2400       372.34837
      14.2600       372.61690
      14.2800       372.90376
      14.3000       373.19012
      14.3200       373.47596
      14.3400       373.76127
      14.3600       374.04604
      14.3800       374.24298
      14.4000       374.43939
      14.4200       374.63523
      14.4400       374.83051
      14.4600       375.02517
      14.4800       375.21926
      14.5000       375.44176
      14.5200       375.66372
      14.5400       375.88515
      14.5600       376.10601
      14.5800       376.32635
      14.6000       376.54619
      14.6200       376.75310
      14.6400       376.95946
      14.6600       377.16536
      14.6800       377.37075
      14.7000       377.57553
      14.7200       377.77987
      14.7400       377.99610
      14.7600       378.21187
      14.7800       378.42709
      14.8000       378.64182
      14.8200       378.85612
      14.8400       379.06989
      14.8600       379.25821
      14.8800       379.44613
      14.9000       379.63348
      14.9200       379.82039
      14.9400       380.00678
      14.9600       380.19269
      14.9800       380.38645
      15.0000       380.57970
      15.0200       380.75495
      15.0400       380.92978
      15.0600       381.10432
      15.0800       381.27852
      15.1000       381.44408
      15.1200       381.60926
      15.1400       381.77409
      15.1600       381.93860
      15.1800       382.10280
      15.2000       382.26661
      15.2200       382.42438
      15.2400       382.58175
      15.2600       382.73884
      15.2800       382.89558
      15.3000       383.05197
      15.3200       383.20804
      15.3400       383.36249
      15.3600       383.51536
      15.3800       383.66790
      15.4000       383.82011
      15.4200       383.97199
      15.4400       384.12357
      15.4600       384.27995
      15.4800       384.44118
      15.5000       384.60207
      15.5200       384.76272
      15.5400       384.92297
      15.5600       385.08299
      15.5800       385.24266
      15.6000       385.38661
      15.6200       385.53022
      15.6400       385.67355
      15.6600       385.81663
      15.6800       385.95935
      15.7000       386.10175
      15.7200       386.24853
      15.7400       386.39971
      15.7600       386.55061
      15.7800       386.70117
      15.8000       386.85144
      15.8200       387.00146
      15.8400       387.14071
      15.8600       387.26915
      15.8800       387.39729
      15.9000       387.52514
      15.9200       387.65271
      15.9400       387.77999
      15.9600       387.90697
      15.9800       388.04532
      16.0000       388.18338
      16.0200       388.32116
      16.0400       388.45866
      16.0600       388.59589
      16.0800       388.73283
      16.1000       388.86753
      16.1200       389.00002
      16.1400       389.13226
      16.1600       389.26424
      16.1800       389.39591
      16.2000       389.52730
      16.2200       389.65848
      16.2400       389.79240
      16.2600       389.92612
      16.2800       390.05951
      16.3000       390.19266
      16.3200       390.32554
      16.3400       390.45818
      16.3600       390.59053
      16.3800       390.70010
      16.4000       390.80941
      16.4200       390.91844
      16.4400       391.02716
      16.4600       391.13570
      16.4800       391.24391
      16.5000       391.36363
      16.5200       391.49477
      16.5400       391.62564
      16.5600       391.75630
      16.5800       391.88668
      16.6000       392.01682
      16.6200       392.14672
      16.6400       392.26467
      16.6600       392.38239
      16.6800       392.49985
      16.7000       392.61700
      16.7200       392.73397
      16.7400       392.85069
      16.7600       392.96717
      16.7800       393.07972
      16.8000       393.19210
      16.8200       393.30422
      16.8400       393.41607
      16.8600       393.52767
      16.8800       393.63909
      16.9000       393.75019
      16.9200       393.84520
      16.9400       393.93990
      16.9600       394.03440
      16.9800       394.12860
      17.0000       394.22261
      17.0200       394.31637
      17.0400       394.41242
      17.0600       394.51077
      17.0800       394.60882
      17.1000       394.70671
      17.1200       394.80436
      17.1400       394.90171
      17.1600       394.99891
      17.1800       395.11039
      17.2000       395.23625
      17.2200       395.36186
      17.2400       395.48723
      17.2600       395.61243
      17.2800       395.73737
      17.3000       395.86215
      17.3200       395.97028
      17.3400       396.06177
      17.3600       396.15303
      17.3800       396.24411
      17.4000       396.33486
      17.4200       396.42545
      17.4400       396.51582
      17.4600       396.60318
      17.4800       396.68747
      17.5000       396.77156
      17.5200       396.85546
      17.5400       396.93909
      17.5600       397.02251
      17.5800       397.10573
      17.6000       397.18869
      17.6200       397.28437
      17.6400       397.37983
      17.6600       397.47505
      17.6800       397.57003
      17.7000       397.66485
      17.7200       397.75941
      17.7400       397.85376
      17.7600       397.95890
      17.7800       398.06379
      17.8000       398.16851
      17.8200       398.27301
      17.8400       398.37730
      17.8600       398.48135
      17.8800       398.58522
      17.9000       398.67517
      17.9200       398.76490
      17.9400       398.85446
      17.9600       398.94380
      17.9800       399.03290
      18.0000       399.12178
      18.0200       399.21048
      18.0400       399.28873
      18.0600       399.35643
      18.0800       399.42396
      18.1000       399.49127
      18.1200       399.55832
      18.1400       399.62521
      18.1600       399.69186
      18.1800       399.75826
      18.2000       399.83670
      18.2200       399.91492
      18.2400       399.99294
      18.2600       400.07077
      18.2800       400.14838
      18.3000       400.22571
      18.3200       400.30290
      18.3400       400.39160
      18.3600       400.48004
      18.3800       400.56832
      18.4000       400.65634
      18.4200       400.74421
      18.4400       400.83185
      18.4600       400.91926
      18.4800       400.99716
      18.5000       401.06551
      18.5200       401.13369
      18.5400       401.20162
      18.5600       401.26930
      18.5800       401.33679
      18.6000       401.40409
      18.6200       401.47114
      18.6400       401.53701
      18.6600       401.60170
      18.6800       401.66617
      18.7000       401.73044
      18.7200       401.79442
      18.7400       401.85824
      18.7600       401.92184
      18.7800       401.98523
      18.8000       402.05527
      18.8200       402.12509
      18.8400       402.19467
      18.8600       402.26403
      18.8800       402.33319
      18.9000       402.40215
      18.9200       402.47085
      18.9400       402.54626
      18.9600       402.62826
      18.9800       402.71009
      19.0000       402.79170
      19.0200       402.87304
      19.0400       402.95422
      19.0600       403.03514
      19.0800       403.11588
      19.1000       403.15185
      19.1200       403.18760
      19.1400       403.22316
      19.1600       403.25841
      19.1800       403.29349
      19.2000       403.32828
      19.2200       403.36293
      19.2400       403.39728
      19.2600       403.45724
      19.2800       403.51697
      19.3000       403.57647
      19.3200       403.63575
      19.3400       403.69473
      19.3600       403.75355
      19.3800       403.81213
      19.4000       403.87048
      19.4200       403.91288
      19.4400       403.95507
      19.4600       403.99697
      19.4800       404.03866
      19.5000       404.08014
      19.5200       404.12132
      19.5400       404.16230
      19.5600       404.22222
      19.5800       404.30113
      19.6000       404.37975
      19.6200       404.45813
      19.6400       404.53634
      19.6600       404.61426
      19.6800       404.69193
      19.7000       404.76940
      19.7200       404.82550
      19.7400       404.86018
      19.7600       404.89469
      19.7800       404.92890
      19.8000       404.96287
      19.8200       404.99659
      19.8400       405.03008
      19.8600       405.06327
      19.8800       405.09630
      19.9000       405.14215
      19.9200       405.18773
      19.9400       405.23309
      19.9600       405.27815
      19.9800       405.32303
      20.0000       405.36765
      20.0200       405.40051
      20.0400       405.43320
      20.0600       405.46568
      20.0800       405.49793
      20.1000       405.53004
      20.1200       405.56193
      20.1400       405.59359
      20.1600       405.62501
      20.1800       405.65625
      20.2000       405.68731
      20.2200       405.70500
      20.2400       405.72242
      20.2600       405.73971
      20.2800       405.75670
      20.3000       405.77353
      20.3200       405.79010
      20.3400       405.80646
      20.3600       405.82260
      20.3800       405.83699
      20.4000       405.84963
      20.4200       405.86204
      20.4400       405.87424
      20.4600       405.88619
      20.4800       405.89793
      20.5000       405.90943
      20.5200       405.92070
      20.5400       405.94399
      20.5600       405.97917
      20.5800       406.01413
      20.6000       406.04888
      20.6200       406.08339
      20.6400       406.11764
      20.6600       406.15164
      20.6800       406.18544
      20.7000       406.21899
      20.7200       406.21562
      20.7400       406.21207
      20.7600       406.20827
      20.7800       406.20419
      20.8000       406.19987
      20.8200       406.19529
      20.8400       406.19052
      20.8600       406.18540
      20.8800       406.18924
      20.9000       406.20197
      20.9200       406.21444
      20.9400       406.22669
      20.9600       406.23868
      20.9800       406.25037
      21.0000       406.26178
      21.0200       406.27298
      21.0400       406.28388
      21.0600       406.28232
      21.0800       406.28050
      21.1000       406.27840
      21.1200       406.27603
      21.1400       406.27337
      21.1600       406.27049
      21.1800       406.26730
      21.2000       406.26382
      21.2200       406.25553
      21.2400       406.24237
      21.2600       406.22890
      21.2800       406.21515
      21.3000       406.20114
      21.3200       406.18685
      21.3400       406.17225
      21.3600       406.15736
      21.3800       406.14222
      21.4000       406.14778
      21.4200       406.15309
      21.4400       406.15810
      21.4600       406.16279
      21.4800       406.16725
      21.5000       406.17135
      21.5200       406.17519
      21.5400       406.17873
      21.5600       406.18194
      21.5800       406.15470
      21.6000       406.12711
      21.6200       406.09924
      21.6400       406.07107
      21.6600       406.04262
      21.6800       406.01381
      21.7000       405.98475
      21.7200       405.95535
      21.7400       405.93209
      21.7600       405.91494
      21.7800       405.89749
      21.8000       405.87974
      21.8200       405.86168
      21.8400       405.84331
      21.8600       405.82462
      21.8800       405.80557
      21.9000       405.78621
      21.9200       405.77524
      21.9400       405.77256
      21.9600       405.76953
      21.9800       405.76623
      22.0000       405.76254
      22.0200       405.75856
      22.0400       405.75427
      22.0600       405.74963
      22.0800       405.74462
      22.1000       405.71624
      22.1200       405.66452
      22.1400       405.61240
      22.1600       405.55998
      22.1800       405.50723
      22.2000       405.45408
      22.2200       405.40067
      22.2400       405.34687
      22.2600       405.29277
      22.2800       405.23832
      22.3000       405.18352
      22.3200       405.12835
      22.3400       405.07290
      22.3600       405.01708
      22.3800       404.96087
      22.4000       404.90438
      22.4200       404.84745
      22.4400       404.79026
      22.4600       404.73840
      22.4800       404.69202
      22.5000       404.64522
      22.5200       404.59813
      22.5400       404.55062
      22.5600       404.50276
      22.5800       404.45456
      22.6000       404.40598
      22.6200       404.35706
      22.6400       404.29763
      22.6600       404.22770
      22.6800       404.15741
      22.7000       404.08676
      22.7200       404.01570
      22.7400       403.94436
      22.7600       403.87255
      22.7800       403.80046
      22.8000       403.72795
      22.8200       403.65511
      22.8400       403.58779
      22.8600       403.52011
      22.8800       403.45203
      22.9000       403.38358
      22.9200       403.31473
      22.9400       403.24555
      22.9600       403.17601
      22.9800       403.10605
      23.0000       403.03572
      23.0200       402.96460
      23.0400       402.89304
      23.0600       402.82115
      23.0800       402.74885
      23.1000       402.67619
      23.1200       402.60310
      23.1400       402.52970
      23.1600       402.45582
      23.1800       402.38164
      23.2000       402.30430
      23.2200       402.22392
      23.2400       402.14306
      23.2600       402.06187
      23.2800       401.98030
      23.3000       401.89830
      23.3200       401.81597
      23.3400       401.73317
      23.3600       401.65006
      23.3800       401.56650
      23.4000       401.46082
      23.4200       401.35475
      23.4400       401.24827
      23.4600       401.14139
      23.4800       401.03417
      23.5000       400.92650
      23.5200       400.81845
      23.5400       400.71002
      23.5600       400.60122
      23.5800       400.49605
      23.6000       400.39458
      23.6200       400.29272
      23.6400       400.19047
      23.6600       400.08780
      23.6800       399.98475
      23.7000       399.88128
      23.7200       399.77743
      23.7400       399.67317
      23.7600       399.56851
      23.7800       399.47947
      23.8000       399.38998
      23.8200       399.30015
      23.8400       399.20988
      23.8600       399.11919
      23.8800       399.02809
      23.9000       398.93658
      23.9200       398.84473
      23.9400       398.75237
      23.9600       398.65967
      23.9800       398.54238
      24.0000       398.42470
      24.0200       398.30662
      24.0400       398.18815
      24.0600       398.06925
      24.0800       397.94992
      24.1000       397.83026
      24.1200       397.71010
      24.1400       397.58958
      24.1600       397.45368
      24.1800       397.30239
      24.2000       397.15074
      24.2200       396.99869
      24.2400       396.84623
      24.2600       396.69333
      24.2800       396.54007
      24.3000       396.38640
      24.3200       396.23233
      24.3400       396.07780
      24.3600       395.93321
      24.3800       395.79849
      24.4000       395.66331
      24.4200       395.52777
      24.4400       395.39181
      24.4600       395.25543
      24.4800       395.11867
      24.5000       394.98148
      24.5200       394.84386
      24.5400       394.70586
      24.5600       394.55974
      24.5800       394.40550
      24.6000       394.25085
      24.6200       394.09578
      24.6400       393.94035
      24.6600       393.78450
      24.6800       393.62821
      24.7000       393.47153
      24.7200       393.31451
      24.7400       393.15696
      24.7600       393.01316
      24.7800       392.88306
      24.8000       392.75254
      24.8200       392.62159
      24.8400       392.49019
      24.8600       392.35845
      24.8800       392.22619
      24.9000       392.09362
      24.9200       391.96057
      24.9400       391.82712
      24.9600       391.66899
      24.9800       391.48610
      25.0000       391.30286
      25.0200       391.11919
      25.0400       390.93510
      25.0600       390.75067
      25.0800       390.56579
      25.1000       390.38054
      25.1200       390.19489
      25.1400       390.00885
      25.1600       389.83367
      25.1800       389.66930
      25.2000       389.50448
      25.2200       389.33934
      25.2400       389.17376
      25.2600       389.00774
      25.2800       388.84139
      25.3000       388.67460
      25.3200       388.50736
      25.3400       388.33981
      25.3600       388.17178
      25.3800       387.94779
      25.4000       387.72344
      25.4200       387.49870
      25.4400       387.27360
      25.4600       387.04808
      25.4800       386.82218
      25.5000       386.59595
      25.5200       386.36931
      25.5400       386.14228
      25.5600       385.91490
      25.5800       385.72562
      25.6000       385.53597
      25.6200       385.34592
      25.6400       385.15548
      25.6600       384.96463
      25.6800       384.77348
      25.7000       384.58187
      25.7200       384.38987
      25.7400       384.19747
      25.7600       384.00468
      25.7800       383.80912
      25.8000       383.61075
      25.8200       383.41194
      25.8400       383.21279
      25.8600       383.01326
      25.8800       382.81336
      25.9000       382.61302
      25.9200       382.41235
      25.9400       382.21126
      25.9600       382.00985
      25.9800       381.80802
      26.0000       381.57685
      26.0200       381.34540
      26.0400       381.11353
      26.0600       380.88134
      26.0800       380.64873
      26.1000       380.41574
      26.1200       380.18242
      26.1400       379.94877
      26.1600       379.71475
      26.1800       379.48033
      26.2000       379.24076
      26.2200       378.99607
      26.2400       378.75099
      26.2600       378.50555
      26.2800       378.25972
      26.3000       378.01358
      26.3200       377.76711
      26.3400       377.52026
      26.3600       377.27306
      26.3800       377.02556
      26.4000       376.77763
      26.4200       376.51626
      26.4400       376.24128
      26.4600       375.96601
      26.4800       375.69040
      26.5000       375.41449
      26.5200       375.13825
      26.5400       374.86162
      26.5600       374.58475
      26.5800       374.30751
      26.6000       374.02992
      26.6200       373.75205
      26.6400       373.51154
      26.6600       373.27075
      26.6800       373.02958
      26.7000       372.78805
      26.7200       391.10482
      26.7400       390.96990
      26.7600       390.83493
      26.7800       390.69989
      26.8000       390.56488
      26.8200       390.42979
      26.8400       390.29462
      26.8600       390.09476
      26.8800       389.89495
      26.9000       389.69500
      26.9200       389.49506
      26.9400       389.29505
      26.9600       389.09499
      26.9800       388.89489
      27.0000       388.69477
      27.0200       388.49454
      27.0400       388.29429
      27.0600       388.09403
      27.0800       387.92722
      27.1000       387.76036
      27.1200       387.59345
      27.1400       387.42651
      27.1600       387.25952
      27.1800       387.09248
      27.2000       386.92540
      27.2200       386.75827
      27.2400       386.59110
      27.2600       386.42388
      27.2800       386.25661
      27.3000       386.07498
      27.3200       385.89320
      27.3400       385.71145
      27.3600       385.52959
      27.3800       385.34777
      27.4000       385.16584
      27.4200       384.98386
      27.4400       384.80184
      27.4600       384.61981
      27.4800       384.43772
      27.5000       384.25554
      27.5200       383.98083
      27.5400       383.70607
      27.5600       383.43132
      27.5800       383.15645
      27.6000       382.88154
      27.6200       382.60657
      27.6400       382.33161
      27.6600       382.05654
      27.6800       381.78142
      27.7000       381.50624
      27.7200       381.23105
      27.7400       380.97564
      27.7600       380.74016
      27.7800       380.50462
      27.8000       380.26900
      27.8200       380.03331
      27.8400       379.79762
      27.8600       379.56185
      27.8800       379.32603
      27.9000       379.09016
      27.9200       378.85424
      27.9400       378.61827
      27.9600       378.37497
      27.9800       378.12429
      28.0000       377.87356
      28.0200       377.62278
      28.0400       377.37195
      28.0600       377.12112
      28.0800       376.87019
      28.1000       376.61925
      28.1200       376.36821
      28.1400       376.11715
      28.1600       375.86600
      28.1800       375.61480
      28.2000       375.42088
      28.2200       375.22695
      28.2400       375.03299
      28.2600       374.83892
      28.2800       374.64483
      28.3000       374.45069
      28.3200       374.25650
      28.3400       374.06226
      28.3600       373.86797
      28.3800       373.67363
      28.4000       373.47924
      28.4200       373.22396
      28.4400       372.90784
      28.4600       372.59174
      28.4800       372.27552
      28.5000       371.95924
      28.5200       371.64290
      28.5400       371.32651
      28.5600       371.01006
      28.5800       370.69356
      28.6000       370.37700
      28.6200       370.06041
      28.6400       369.74376
      28.6600       369.42951
      28.6800       369.11522
      28.7000       368.80086
      28.7200       368.48649
      28.7400       368.17200
      28.7600       367.85749
      28.7800       367.54293
      28.8000       367.22830
      28.8200       366.91362
      28.8400       366.59885
      28.8600       366.28402
      28.8800       365.96919
      28.9000       365.68850
      28.9200       365.40775
      28.9400       365.12698
      28.9600       364.84611
      28.9800       364.56522
      29.0000       364.28422
      29.0200       364.00321
      29.0400       363.72212
      29.0600       363.44100
      29.0800       363.15980
      29.1000       362.87853
      29.1200       362.58999
      29.1400       362.29420
      29.1600       361.99835
      29.1800       361.70241
      29.2000       361.40642
      29.2200       361.11040
      29.2400       360.81428
      29.2600       360.51811
      29.2800       360.22188
      29.3000       359.92562
      29.3200       359.62927
      29.3400       359.33286
      29.3600       358.97148
      29.3800       358.54519
      29.4000       358.11877
      29.4200       357.69226
      29.4400       357.26572
      29.4600       356.83914
      29.4800       356.41250
      29.5000       355.98574
      29.5200       355.55898
      29.5400       355.13209
      29.5600       354.70520
      29.5800       354.27821
      29.6000       353.88089
      29.6200       353.51318
      29.6400       353.14547
      29.6600       352.77767
      29.6800       352.40977
      29.7000       352.04184
      29.7200       351.67388
      29.7400       351.30583
      29.7600       350.93768
      29.7800       350.56951
      29.8000       350.20130
      29.8200       349.83296
      29.8400       349.44260
      29.8600       349.03010
      29.8800       348.61764
      29.9000       348.20505
      29.9200       347.79239
      29.9400       347.37971
      29.9600       346.96692
      29.9800       346.55411
      30.0000       346.14120
      30.0200       345.72489
      30.0400       345.30852
      30.0600       344.89217
      30.0800       344.45126
      30.1000       343.98587
      30.1200       343.52047
      30.1400       343.05504
      30.1600       342.58948
      30.1800       342.12393
      30.2000       341.65829
      30.2200       341.19267
      30.2400       340.72694
      30.2600       340.26116
      30.2800       339.79536
      30.3000       339.32951
      30.3200       338.86357
      30.3400       338.37165
      30.3600       337.87964
      30.3800       337.38765
      30.4000       336.89555
      30.4200       336.40339
      30.4400       335.91122
      30.4600       335.41902
      30.4800       334.92674
      30.5000       334.43436
      30.5200       333.94198
      30.5400       333.44953
      30.5600       332.95708
      30.5800       332.46303
      30.6000       331.96896
      30.6200       331.47481
      30.6400       330.98067
      30.6600       330.48639
      30.6800       329.99209
      30.7000       329.49777
      30.7200       329.00339
      30.7400       328.50897
      30.7600       328.01447
      30.7800       327.51991
      30.8000       327.02537
      30.8200       326.51274
      30.8400       325.98212
      30.8600       325.45145
      30.8800       324.92080
      30.9000       324.39000
      30.9200       323.85918
      30.9400       323.32831
      30.9600       322.79742
      30.9800       322.26645
      31.0000       321.73543
      31.0200       321.20436
      31.0400       320.67321
      31.0600       320.14211
      31.0800       319.73276
      31.1000       319.32338
      31.1200       318.91396
      31.1400       318.50448
      31.1600       318.09495
      31.1800       317.68533
      31.2000       317.27570
      31.2200       316.86601
      31.2400       316.45627
      31.2600       316.04644
      31.2800       315.63659
      31.3000       315.22673
      31.3200       314.81674
      31.3400       314.21938
      31.3600       313.62196
      31.3800       313.02453
      31.4000       312.42699
      31.4200       311.82943
      31.4400       311.23182
      31.4600       310.63420
      31.4800       310.03650
      31.5000       309.43874
      31.5200       308.84092
      31.5400       308.24304
      31.5600       307.64523
      31.5800       307.11553
      31.6000       306.65409
      31.6200       306.19259
      31.6400       305.73106
      31.6600       305.26949
      31.6800       304.80781
      31.7000       304.34610
      31.7200       303.88440
      31.7400       303.42257
      31.7600       302.96074
      31.7800       302.49880
      31.8000       302.03689
      31.8200       302.48156
      31.8400       302.01345
      31.8600       301.53209
      31.8800       301.05078
      31.9000       300.56939
      31.9200       300.08802
      31.9400       299.60660
      31.9600       299.12522
      31.9800       298.64373
      32.0000       298.16226
      32.0200       297.68081
      32.0400       297.19930
      32.0600       296.71787
      32.0800       296.23628
      32.1000       295.66315
      32.1200       294.99812
      32.1400       294.33337
      32.1600       293.66842
      32.1800       293.00349
      32.2000       292.33850
      32.2200       291.67352
      32.2400       291.00864
      32.2600       290.34350
      32.2800       289.67855
      32.3000       289.01346
      32.3200       288.34841
      32.3400       287.68328
      32.3600       287.09921
      32.3800       286.59621
      32.4000       286.09305
      32.4200       285.59002
      32.4400       285.08682
      32.4600       284.58379
      32.4800       284.08062
      32.5000       283.57743
      32.5200       283.07426
      32.5400       282.57107
      32.5600       282.06792
      32.5800       281.56461
      32.6000       281.06145
      32.6200       280.55805
      32.6400       280.00077
      32.6600       279.44336
      32.6800       278.88592
      32.7000       278.32850
      32.7200       277.77101
      32.7400       277.21367
      32.7600       276.65605
      32.7800       276.09865
      32.8000       275.54111
      32.8200       274.98356
      32.8400       274.42598
      32.8600       273.86839
      32.8800       273.31091
      32.9000       272.76607
      32.9200       272.22145
      32.9400       271.67657
      32.9600       271.13192
      32.9800       270.58713
      33.0000       270.04232
      33.0200       269.49750
      33.0400       268.95266
      33.0600       268.40789
      33.0800       267.86293
      33.1000       267.31813
      33.1200       266.77313
      33.1400       266.22829
      33.1600       265.67260
      33.1800       265.10602
      33.2000       264.53945
      33.2200       263.97287
      33.2400       263.40639
      33.2600       262.83962
      33.2800       262.27310
      33.3000       261.70645
      33.3200       261.13978
      33.3400       260.57309
      33.3600       260.00638
      33.3800       259.43975
      33.4000       258.87292
      33.4200       258.30625
      33.4400       257.73544
      33.4600       257.16484
      33.4800       256.59414
      33.5000       256.02339
      33.5200       255.45262
      33.5400       254.88184
      33.5600       254.31113
      33.5800       253.74022
      33.6000       253.16950
      33.6200       252.59853
      33.6400       252.02778
      33.6600       251.45689
      33.6800       250.88599
      33.7000       250.38970
      33.7200       249.96794
      33.7400       249.54625
      33.7600       249.12438
      33.7800       248.70268
      33.8000       248.28086
      33.8200       247.85902
      33.8400       247.43722
      33.8600       247.01535
      33.8800       246.59356
      33.9000       246.17160
      33.9200       245.74979
      33.9400       245.32778
      33.9600       244.90593
      33.9800       244.39668
      34.0000       243.79999
      34.0200       243.20330
      34.0400       242.60658
      34.0600       242.00986
      34.0800       241.41311
      34.1000       240.81645
      34.1200       240.21969
      34.1400       239.62289
      34.1600       239.02607
      34.1800       238.42923
      34.2000       237.83238
      34.2200       237.23554
      34.2400       236.63865
      34.2600       236.05375
      34.2800       235.46876
      34.3000       234.88374
      34.3200       234.29870
      34.3400       233.71364
      34.3600       233.12859
      34.3800       232.54350
      34.4000       231.95839
      34.4200       231.37339
      34.4400       230.78824
      34.4600       230.20307
      34.4800       229.61792
      34.5000       229.03273
      34.5200       228.44751
      34.5400       228.00430
      34.5600       227.56108
      34.5800       227.11786
      34.6000       226.67467
      34.6200       226.23141
      34.6400       225.78814
      34.6600       225.34484
      34.6800       224.90152
      34.7000       224.45821
      34.7200       224.01487
      34.7400       223.57150
      34.7600       223.12823
      34.7800       222.68485
      34.8000       222.24145
      34.8200       221.67260
      34.8400       221.10372
      34.8600       220.53485
      34.8800       219.96596
      34.9000       219.39703
      34.9200       218.82820
      34.9400       218.25926
      34.9600       217.69028
      34.9800       217.12132
      35.0000       216.55232
      35.0200       215.98329
      35.0400       215.41426
      35.0600       214.84523
      35.0800       214.27615
      35.1000       213.76139
      35.1200       213.30070
      35.1400       212.83997
      35.1600       212.37926
      35.1800       211.91853
      35.2000       211.45779
      35.2200       210.99703
      35.2400       210.53623
      35.2600       210.07553
      35.2800       209.61473
      35.3000       209.15391
      35.3200       208.69308
      35.3400       208.23222
      35.3600       207.77136
      35.3800       207.31755
      35.4000       206.87078
      35.4200       206.42405
      35.4400       205.97725
      35.4600       205.53042
      35.4800       205.08359
      35.5000       204.63675
      35.5200       204.18988
      35.5400       203.74300
      35.5600       203.29612
      35.5800       202.84919
      35.6000       202.40236
      35.6200       201.95544
      35.6400       201.50846
      35.6600       201.06151
      35.6800       200.47552
      35.7000       199.88955
      35.7200       199.30353
      35.7400       198.71752
      35.7600       198.13158
      35.7800       197.54553
      35.8000       196.95945
      35.8200       196.37338
      35.8400       195.78727
      35.8600       195.20115
      35.8800       194.61503
      35.9000       194.02888
      35.9200       193.44282
      35.9400       192.85664
      35.9600       192.34564
      35.9800       191.90984
      36.0000       191.47404
      36.0200       191.03820
      36.0400       190.60236
      36.0600       190.16652
      36.0800       189.73063
      36.1000       189.29484
      36.1200       188.85896
      36.1400       188.42305
      36.1600       187.98711
      36.1800       187.55117
      36.2000       187.11524
      36.2200       186.67926
      36.2400       186.24330
      36.2600       185.80077
      36.2800       185.35154
      36.3000       184.90229
      36.3200       184.45304
      36.3400       184.00376
      36.3600       183.55448
      36.3800       183.10518
      36.4000       182.65586
      36.4200       182.20663
      36.4400       181.75729
      36.4600       181.30794
      36.4800       180.85858
      36.5000       180.40919
      36.5200       179.95980
      36.5400       179.51039
      36.5600       179.07596
      36.5800       178.64153
      36.6000       178.20715
      36.6200       177.77269
      36.6400       177.33821
      36.6600       176.90371
      36.6800       176.46919
      36.7000       176.03469
      36.7200       175.60014
      36.7400       175.16560
      36.7600       174.73112
      36.7800       174.29655
      36.8000       173.86196
      36.8200       173.42736
      36.8400       172.99276
      36.8600       172.54399
      36.8800       172.09520
      36.9000       171.64642
      36.9200       171.19771
      36.9400       170.74888
      36.9600       170.30005
      36.9800       169.85120
      37.0000       169.40236
      37.0200       168.95349
      37.0400       168.50460
      37.0600       168.05570
      37.0800       167.60679
      37.1000       167.15796
      37.1200       166.70902
      37.1400       166.26008
      37.1600       165.82704
      37.1800       165.39398
      37.2000       164.96092
      37.2200       164.52784
      37.2400       164.09475
      37.2600       163.66174
      37.2800       163.22863
      37.3000       162.79549
      37.3200       162.36235
      37.3400       161.92920
      37.3600       161.49603
      37.3800       161.06286
      37.4000       160.62967
      37.4200       160.19655
      37.4400       159.76334
      37.4600       159.33384
      37.4800       158.90431
      37.5000       158.47476
      37.5200       158.04522
      37.5400       157.61566
      37.5600       157.18608
      37.5800       156.75650
      37.6000       156.32698
      37.6200       155.89738
      37.6400       155.46777
      37.6600       155.03813
      37.6800       154.60849
      37.7000       154.17884
      37.7200       153.74919
      37.7400       153.31949
      37.7600       152.89076
      37.7800       152.46276
      37.8000       152.03477
      37.8200       151.60676
      37.8400       151.17876
      37.8600       150.75072
      37.8800       150.32267
      37.9000       149.89462
      37.9200       149.46666
      37.9400       149.03857
      37.9600       148.61048
      37.9800       148.18239
      38.0000       147.75429
      38.0200       147.32618
      38.0400       146.89805
      38.0600       146.46991
      38.0800       146.16839
      38.1000       145.86694
      38.1200       145.56538
      38.1400       145.26384
      38.1600       144.96228
      38.1800       144.66072
      38.2000       144.35913
      38.2200       144.05754
      38.2400       143.75593
      38.2600       143.45439
      38.2800       143.15276
      38.3000       142.85112
      38.3200       142.54948
      38.3400       142.24782
      38.3600       141.94615
      38.3800       141.57345
      38.4000       141.12973
      38.4200       140.68609
      38.4400       140.24236
      38.4600       139.79861
      38.4800       139.35485
      38.5000       138.91109
      38.5200       138.46733
      38.5400       138.02354
      38.5600       137.57975
      38.5800       137.13595
      38.6000       136.69223
      38.6200       136.24841
      38.6400       135.80458
      38.6600       135.36074
      38.6800       134.91690
      38.7000       134.48502
      38.7200       134.05313
      38.7400       133.62123
      38.7600       133.18942
      38.7800       132.75752
      38.8000       132.32560
      38.8200       131.89367
      38.8400       131.46173
      38.8600       131.02980
      38.8800       130.59785
      38.9000       130.16589
      38.9200       129.73401
      38.9400       129.30203
      38.9600       128.87006
      38.9800       128.43807
      39.0000       128.07330
      39.0200       127.77575
      39.0400       127.47821
      39.0600       127.18065
      39.0800       126.88310
      39.1000       126.58557
      39.1200       126.28800
      39.1400       125.99040
      39.1600       125.69281
      39.1800       125.39521
      39.2000       125.09758
      39.2200       124.79995
      39.2400       124.50232
      39.2600       124.20474
      39.2800       123.90708
      39.3000       123.60942
      39.3200       123.24961
      39.3400       122.82763
      39.3600       122.40566
      39.3800       121.98366
      39.4000       121.56166
      39.4200       121.13975
      39.4400       120.71775
      39.4600       120.29573
      39.4800       119.87370
      39.5000       119.45168
      39.5200       119.02966
      39.5400       118.60761
      39.5600       118.18557
      39.5800       117.76353
      39.6000       117.34156
      39.6200       116.91949
      39.6400       116.56807
      39.6600       116.28731
      39.6800       116.00653
      39.7000       115.72575
      39.7200       115.44495
      39.7400       115.16416
      39.7600       114.88340
      39.7800       114.60259
      39.8000       114.32176
      39.8200       114.04094
      39.8400       113.76010
      39.8600       113.47926
      39.8800       113.19841
      39.9000       112.91755
      39.9200       112.63674
      39.9400       112.35586
      39.9600       112.07498
      39.9800       111.78039
      40.0000       111.48578
      40.0200       111.19082
      40.0400       110.89585
      40.0600       110.60088
      40.0800       110.30590
      40.1000       110.01098
      40.1200       109.71600
      40.1400       109.42100
      40.1600       109.12601
      40.1800       108.83100
      40.2000       108.53600
      40.2200       108.24098
      40.2400       107.94597
      40.2600       107.65100
      40.2800       107.35598
      40.3000       106.94939
      40.3200       106.54278
      40.3400       106.13618
      40.3600       105.72958
      40.3800       105.32299
      40.4000       104.91638
      40.4200       104.50986
      40.4400       104.10326
      40.4600       103.69667
      40.4800       103.29006
      40.5000       102.88347
      40.5200       102.47687
      40.5400       102.07027
      40.5600       101.66368
      40.5800       101.25709
      40.6000       100.85057
      40.6200       100.50016
      40.6400       100.20596
      40.6600       99.911760
      40.6800       99.617559
      40.7000       99.323349
      40.7200       99.029145
      40.7400       98.734938
      40.7600       98.440773
      40.7800       98.146561
      40.8000       97.852331
      40.8200       97.558116
      40.8400       97.263882
      40.8600       96.969662
      40.8800       96.675433
      40.9000       96.381209
      40.9200       96.087028
      40.9400       95.792802
      40.9600       95.504994
      40.9800       95.217177
      41.0000       94.929365
      41.0200       94.641553
      41.0400       94.353739
      41.0600       94.065916
      41.0800       93.778092
      41.1000       93.490327
      41.1200       93.202499
      41.1400       92.914680
      41.1600       92.626851
      41.1800       92.339029
      41.2000       92.051199
      41.2200       91.763375
      41.2400       91.475552
      41.2600       91.187773
      41.2800       90.904151
      41.3000       90.624720
      41.3200       90.345287
      41.3400       90.065853
      41.3600       89.786427
      41.3800       89.506992
      41.4000       89.227558
      41.4200       88.948176
      41.4400       88.668749
      41.4600       88.389314
      41.4800       88.109887
      41.5000       87.830452
      41.5200       87.551017
      41.5400       87.271591
      41.5600       86.992157
      41.5800       86.712732
      41.6000       86.433353
      41.6200       86.095561
      41.6400       85.699390
      41.6600       85.303228
      41.6800       84.907073
      41.7000       84.510927
      41.7200       84.114787
      41.7400       83.718656
      41.7600       83.322615
      41.7800       82.926492
      41.8000       82.530386
      41.8200       82.134288
      41.8400       81.738199
      41.8600       81.342119
      41.8800       80.946056
      41.9000       80.549986
      41.9200       80.154017
      41.9400       79.757967
      41.9600       79.421821
      41.9800       79.145604
      42.0000       78.869375
      42.0200       78.593157
      42.0400       78.316941
      42.0600       78.040721
      42.0800       77.764511
      42.1000       77.488358
      42.1200       77.212156
      42.1400       76.935951
      42.1600       76.659755
      42.1800       76.383556
      42.2000       76.107369
      42.2200       75.831186
      42.2400       75.555006
      42.2600       75.278877
      42.2800       75.002706
      42.3000       74.732710
      42.3200       74.468903
      42.3400       74.205093
      42.3600       73.941285
      42.3800       73.677484
      42.4000       73.413685
      42.4200       73.149936
      42.4400       72.886147
      42.4600       72.622361
      42.4800       72.358580
      42.5000       72.094806
      42.5200       71.831035
      42.5400       71.567276
      42.5600       71.303516
      42.5800       71.039760
      42.6000       70.776064
      42.6200       70.512320
      42.6400       70.248580
      42.6600       69.967842
      42.6800       69.687110
      42.7000       69.406387
      42.7200       69.125670
      42.7400       68.844960
      42.7600       68.564318
      42.7800       68.283625
      42.8000       68.002939
      42.8200       67.722260
      42.8400       67.441591
      42.8600       67.160935
      42.8800       66.880274
      42.9000       66.599630
      42.9200       66.319054
      42.9400       66.038426
      42.9600       65.757807
      42.9800       65.477197
      43.0000       65.222311
      43.0200       64.967434
      43.0400       64.712556
      43.0600       64.457692
      43.0800       64.202838
      43.1000       63.948042
      43.1200       63.693195
      43.1400       63.438362
      43.1600       63.183539
      43.1800       62.928716
      43.2000       62.673916
      43.2200       62.419110
      43.2400       62.164316
      43.2600       61.909588
      43.2800       61.654812
      43.3000       61.400045
      43.3200       61.145293
      43.3400       60.890542
      43.3600       60.731112
      43.3800       60.571688
      43.4000       60.412256
      43.4200       60.252865
      43.4400       60.093437
      43.4600       59.934016
      43.4800       59.774594
      43.5000       59.615175
      43.5200       59.455757
      43.5400       59.296341
      43.5600       59.136927
      43.5800       58.977516
      43.6000       58.818133
      43.6200       58.658728
      43.6400       58.499323
      43.6600       58.339916
      43.6800       58.180518
      43.7000       57.972902
      43.7200       57.717110
      43.7400       57.461330
      43.7600       57.205603
      43.7800       56.949843
      43.8000       56.694091
      43.8200       56.438359
      43.8400       56.182640
      43.8600       55.926928
      43.8800       55.671226
      43.9000       55.415541
      43.9200       55.159925
      43.9400       54.904261
      43.9600       54.648615
      43.9800       54.392982
      44.0000       54.137367
      44.0200       53.881757
      44.0400       53.626169
      44.0600       53.371756
      44.0800       53.117369
      44.1000       52.863039
      44.1200       52.608670
      44.1400       52.354320
      44.1600       52.099986
      44.1800       51.845663
      44.2000       51.591356
      44.2200       51.337061
      44.2400       51.082791
      44.2600       50.828578
      44.2800       50.574330
      44.3000       50.320099
      44.3200       50.065886
      44.3400       49.811689
      44.3600       49.557503
      44.3800       49.303341
      44.4000       49.049191
      44.4200       48.817541
      44.4400       48.585867
      44.4600       48.354195
      44.4800       48.122547
      44.5000       47.890913
      44.5200       47.659289
      44.5400       47.427682
      44.5600       47.196091
      44.5800       46.964517
      44.6000       46.733001
      44.6200       46.501456
      44.6400       46.269925
      44.6600       46.038413
      44.6800       45.806915
      44.7000       45.575432
      44.7200       45.343964
      44.7400       45.112516
      44.7600       44.881126
      44.7800       44.688877
      44.8000       44.535817
      44.8200       44.382765
      44.8400       44.229717
      44.8600       44.076679
      44.8800       43.923654
      44.9000       43.770629
      44.9200       43.617646
      44.9400       43.464640
      44.9600       43.311643
      44.9800       43.158655
      45.0000       43.005674
      45.0200       42.852698
      45.0400       42.699738
      45.0600       42.546784
      45.0800       42.393834
      45.1000       42.240924
      45.1200       42.087998
      45.1400       41.895246
      45.1600       41.662664
      45.1800       41.430105
      45.2000       41.197562
      45.2200       40.965036
      45.2400       40.732533
      45.2600       40.500098
      45.2800       40.267634
      45.3000       40.035191
      45.3200       39.802769
      45.3400       39.570368
      45.3600       39.337987
      45.3800       39.105627
      45.4000       38.873289
      45.4200       38.641017
      45.4400       38.408724
      45.4600       38.176446
      45.4800       37.944192
      45.5000       37.711961
      45.5200       37.489678
      45.5400       37.267412
      45.5600       37.045167
      45.5800       36.822946
      45.6000       36.600785
      45.6200       36.378608
      45.6400       36.156448
      45.6600       35.934310
      45.6800       35.712197
      45.7000       35.490101
      45.7200       35.268033
      45.7400       35.045986
      45.7600       34.824001
      45.7800       34.602000
      45.8000       34.380015
      45.8200       34.158060
      45.8400       33.936128
      45.8600       33.714216
      45.8800       33.531269
      45.9000       33.387262
      45.9200       33.243295
      45.9400       33.099311
      45.9600       32.955345
      45.9800       32.811386
      46.0000       32.667443
      46.0200       32.523511
      46.0400       32.379595
      46.0600       32.235687
      46.0800       32.091798
      46.1000       31.947947
      46.1200       31.804080
      46.1400       31.660226
      46.1600       31.516390
      46.1800       31.372566
      46.2000       31.228754
      46.2200       31.084958
      46.2400       30.941173
      46.2600       30.744723
      46.2800       30.548259
      46.3000       30.351817
      46.3200       30.155397
      46.3400       29.958999
      46.3600       29.762625
      46.3800       29.566273
      46.4000       29.369945
      46.4200       29.173678
      46.4400       28.977397
      46.4600       28.781139
      46.4800       28.584905
      46.5000       28.388695
      46.5200       28.192508
      46.5400       27.996346
      46.5600       27.800208
      46.5800       27.604095
      46.6000       27.408046
      46.6200       27.211981
      46.6400       27.081915
      46.6600       26.951863
      46.6800       26.821826
      46.7000       26.691803
      46.7200       26.561792
      46.7400       26.431801
      46.7600       26.301844
      46.7800       26.171879
      46.8000       26.041928
      46.8200       25.911994
      46.8400       25.782072
      46.8600       25.652169
      46.8800       25.522275
      46.9000       25.392403
      46.9200       25.262568
      46.9400       25.132723
      46.9600       25.002893
      46.9800       24.873079
      47.0000       24.743283
      47.0200       24.553128
      47.0400       24.362996
      47.0600       24.172894
      47.0800       23.982817
      47.1000       23.792804
      47.1200       23.602780
      47.1400       23.412786
      47.1600       23.222819
      47.1800       23.032877
      47.2000       22.842965
      47.2200       22.653079
      47.2400       22.463223
      47.2600       22.273430
      47.2800       22.083629
      47.3000       21.893858
      47.3200       21.704114
      47.3400       21.514401
      47.3600       21.324715
      47.3800       21.135059
      47.4000       21.019645
      47.4200       20.904272
      47.4400       20.788891
      47.4600       20.673524
      47.4800       20.558175
      47.5000       20.442842
      47.5200       20.327524
      47.5400       20.212223
      47.5600       20.096936
      47.5800       19.981667
      47.6000       19.866436
      47.6200       19.751199
      47.6400       19.635978
      47.6600       19.520775
      47.6800       19.405588
      47.7000       19.290418
      47.7200       19.175263
      47.7400       19.060128
      47.7600       18.945030
      47.7800       18.837253
      47.8000       18.736821
      47.8200       18.636404
      47.8400       18.535997
      47.8600       18.435610
      47.8800       18.335234
      47.9000       18.234876
      47.9200       18.134549
      47.9400       18.034220
      47.9600       17.933905
      47.9800       17.833604
      48.0000       17.733319
      48.0200       17.633049
      48.0400       17.532796
      48.0600       17.432555
      48.0800       17.332332
      48.1000       17.232141
      48.1200       17.131948
      48.1400       17.031770
      48.1600       16.931610
      48.1800       16.775620
      48.2000       16.619659
      48.2200       16.463725
      48.2400       16.307821
      48.2600       16.151972
      48.2800       15.996122
      48.3000       15.840300
      48.3200       15.684505
      48.3400       15.528742
      48.3600       15.373005
      48.3800       15.217296
      48.4000       15.061618
      48.4200       14.905997
      48.4400       14.750376
      48.4600       14.594784
      48.4800       14.439220
      48.5000       14.283686
      48.5200       14.128182
      48.5400       13.972708
      48.5600       13.849595
      48.5800       13.758823
      48.6000       13.668084
      48.6200       13.577344
      48.6400       13.486617
      48.6600       13.395911
      48.6800       13.305217
      48.7000       13.214541
      48.7200       13.123880
      48.7400       13.033237
      48.7600       12.942626
      48.7800       12.852016
      48.8000       12.761421
      48.8200       12.670843
      48.8400       12.580281
      48.8600       12.489738
      48.8800       12.399209
      48.9000       12.308699
      48.9200       12.218223
      48.9400       12.127745
      48.9600       12.041157
      48.9800       11.958457
      49.0000       11.875773
      49.0200       11.793103
      49.0400       11.710450
      49.0600       11.627812
      49.0800       11.545190
      49.1000       11.462600
      49.1200       11.380010
      49.1400       11.297436
      49.1600       11.214877
      49.1800       11.132334
      49.2000       11.049808
      49.2200       10.967298
      49.2400       10.884804
      49.2600       10.802343
      49.2800       10.719882
      49.3000       10.637437
      49.3200       10.555009
      49.3400       10.472598
      49.3600       10.377324
      49.3800       10.269196
      49.4000       10.161090
      49.4200       10.053029
      49.4400       9.9449714
      49.4600       9.8369350
      49.4800       9.7289241
      49.5000       9.6209354
      49.5200       9.5129713
      49.5400       9.4050298
      49.5600       9.2971121
      49.5800       9.1892188
      49.6000       9.0813697
      49.6200       8.9735251
      49.6400       8.8657031
      49.6600       8.7579066
      49.6800       8.6501338
      49.7000       8.5423851
      49.7200       8.4346602
      49.7400       8.3269611
      49.7600       8.2412826
      49.7800       8.1775813
      49.8000       8.1138941
      49.8200       8.0502216
      49.8400       7.9865618
      49.8600       7.9229158
      49.8800       7.8592842
      49.9000       7.7956661
      49.9200       7.7320741
      49.9400       7.6684845
      49.9600       7.6049086
      49.9800       7.5413471
      50.0000       7.4777992
      50.0200       7.4142492
      50.0400       7.3507134
      50.0600       7.2871924
      50.0800       7.2236855
      50.1000       7.1602070
      50.1200       7.0967294
      50.1400       7.0332670
      50.1600       6.9698198
      50.1800       6.9099496
      50.2000       6.8500931
      50.2200       6.7902517
      50.2400       6.7304232
      50.2600       6.6706211
      50.2800       6.6108208
      50.3000       6.5510350
      50.3200       6.4912637
      50.3400       6.4315069
      50.3600       6.3717643
      50.3800       6.3120358
      50.4000       6.2523229
      50.4200       6.1926347
      50.4400       6.1329509
      50.4600       6.0732810
      50.4800       6.0136255
      50.5000       5.9539849
      50.5200       5.8943599
      50.5400       5.8347489
      50.5600       5.7751525
      50.5800       5.7244528
      50.6000       5.6737754
      50.6200       5.6231016
      50.6400       5.5724397
      50.6600       5.5217901
      50.6800       5.4711533
      50.7000       5.4205295
      50.7200       5.3699185
      50.7400       5.3193192
      50.7600       5.2687433
      50.7800       5.2181709
      50.8000       5.1676103
      50.8200       5.1170637
      50.8400       5.0665299
      50.8600       5.0160088
      50.8800       4.9655006
      50.9000       4.9150056
      50.9200       4.8645339
      50.9400       4.8140658
      50.9600       4.7636106
      50.9800       4.7131684
      51.0000       4.6677400
      51.0200       4.6223237
      51.0400       4.5769191
      51.0600       4.5315267
      51.0800       4.4861460
      51.1000       4.4407861
      51.1200       4.3954294
      51.1400       4.3500851
      51.1600       4.3047532
      51.1800       4.2594332
      51.2000       4.2141252
      51.2200       4.1688296
      51.2400       4.1235466
      51.2600       4.0782846
      51.2800       4.0330258
      51.3000       3.9877801
      51.3200       3.9425466
      51.3400       3.8973253
      51.3600       3.8521168
      51.3800       3.8069210
      51.4000       3.7658976
      51.4200       3.7290502
      51.4400       3.6922060
      51.4600       3.6553719
      51.4800       3.6185483
      51.5000       3.5817345
      51.5200       3.5449317
      51.5400       3.5081384
      51.5600       3.4713555
      51.5800       3.4345829
      51.6000       3.3978278
      51.6200       3.3610763
      51.6400       3.3243350
      51.6600       3.2876045
      51.6800       3.2508841
      51.7000       3.2141743
      51.7200       3.1774750
      51.7400       3.1407866
      51.7600       3.1041156
      51.7800       3.0674483
      51.8000       3.0307919
      51.8200       2.9959534
      51.8400       2.9629333
      51.8600       2.9299223
      51.8800       2.8969213
      51.9000       2.8639304
      51.9200       2.8309551
      51.9400       2.7979833
      51.9600       2.7650208
      51.9800       2.7320685
      52.0000       2.6991262
      52.0200       2.6661933
      52.0400       2.6332703
      52.0600       2.6003573
      52.0800       2.5674544
      52.1000       2.5345673
      52.1200       2.5016842
      52.1400       2.4688110
      52.1600       2.4359479
      52.1800       2.4030948
      52.2000       2.3702516
      52.2200       2.3374188
      52.2400       2.3079071
      52.2600       2.2817188
      52.2800       2.2555339
      52.3000       2.2293565
      52.3200       2.2031871
      52.3400       2.1770264
      52.3600       2.1508731
      52.3800       2.1247283
      52.4000       2.0985912
      52.4200       2.0724674
      52.4400       2.0463468
      52.4600       2.0202343
      52.4800       1.9941300
      52.5000       1.9680338
      52.5200       1.9419462
      52.5400       1.9158665
      52.5600       1.8897952
      52.5800       1.8637322
      52.6000       1.8376824
      52.6200       1.8116360
      52.6400       1.7855980
      52.6600       1.7595684
      52.6800       1.7393921
      52.7000       1.7192221
      52.7200       1.6990584
      52.7400       1.6789012
      52.7600       1.6587544
      52.7800       1.6386104
      52.8000       1.6184725
      52.8200       1.5983415
      52.8400       1.5782164
      52.8600       1.5580986
      52.8800       1.5379869
      52.9000       1.5178816
      52.9200       1.4977870
      52.9400       1.4776949
      52.9600       1.4576098
      52.9800       1.4375311
      53.0000       1.4174592
      53.0200       1.3973937
      53.0400       1.3773351
      53.0600       1.3572831
      53.0800       1.3372380
      53.1000       1.3195319
      53.1200       1.3041575
      53.1400       1.2887882
      53.1600       1.2734240
      53.1800       1.2580650
      53.2000       1.2427109
      53.2200       1.2273621
      53.2400       1.2120185
      53.2600       1.1966828
      53.2800       1.1813493
      53.3000       1.1660211
      53.3200       1.1506982
      53.3400       1.1353803
      53.3600       1.1200679
      53.3800       1.1047605
      53.4000       1.0894583
      53.4200       1.0741645
      53.4400       1.0588729
      53.4600       1.0435867
      53.4800       1.0283056
      53.5000       1.0130299
      53.5200      0.99775959
      53.5400      0.98397083
      53.5600      0.97018680
      53.5800      0.95640775
      53.6000      0.94263622
      53.6200      0.92886657
      53.6400      0.91510200
      53.6600      0.90134221
      53.6800      0.88758723
      53.7000      0.87383717
      53.7200      0.86009193
      53.7400      0.84635165
      53.7600      0.83261891
      53.7800      0.81888838
      53.8000      0.80516283
      53.8200      0.79144216
      53.8400      0.77772655
      53.8600      0.76401573
      53.8800      0.75031014
      53.9000      0.73660937
      53.9200      0.72291612
      53.9400      0.70922528
      53.9600      0.69553962
      53.9800      0.68524561
      54.0000      0.67495554
      54.0200      0.66466915
      54.0400      0.65438641
      54.0600      0.64410752
      54.0800      0.63383235
      54.1000      0.62356300
      54.1200      0.61329542
      54.1400      0.60303157
      54.1600      0.59277147
      54.1800      0.58251526
      54.2000      0.57226291
      54.2200      0.56201433
      54.2400      0.55176953
      54.2600      0.54153052
      54.2800      0.53129340
      54.3000      0.52106017
      54.3200      0.51083077
      54.3400      0.50060525
      54.3600      0.49038352
      54.3800      0.48016575
      54.4000      0.46995184
      54.4200      0.46761088
      54.4400      0.46527016
      54.4600      0.46293031
      54.4800      0.46059122
      54.5000      0.45825287
      54.5200      0.45591537
      54.5400      0.45357856
      54.5600      0.45124260
      54.5800      0.44890746
      54.6000      0.44657345
      54.6200      0.44423989
      54.6400      0.44190704
      54.6600      0.43957501
      54.6800      0.43724380
      54.7000      0.43491340
      54.7200      0.43258380
      54.7400      0.43025494
      54.7600      0.42792739
      54.7800      0.42560014
      54.8000      0.42327379
      54.8200      0.42094819
      54.8400      0.41862338
      54.8600      0.41306644
      54.8800      0.40751167
      54.9000      0.40195898
      54.9200      0.39640957
      54.9400      0.39086121
      54.9600      0.38531502
      54.9800      0.37977105
      55.0000      0.37422919
      55.0200      0.36868944
      55.0400      0.36315196
      55.0600      0.35761657
      55.0800      0.35208344
      55.1000      0.34655356
      55.1200      0.34102476
      55.1400      0.33549819
      55.1600      0.32997381
      55.1800      0.32445161
      55.2000      0.31893167
      55.2200      0.31341387
      55.2400      0.30789833
      55.2600      0.30238607
      55.2800      0.29687495
      55.3000      0.29191057
      55.3200      0.28749286
      55.3400      0.28307687
      55.3600      0.27866263
      55.3800      0.27425023
      55.4000      0.26983964
      55.4200      0.26543162
      55.4400      0.26102457
      55.4600      0.25661930
      55.4800      0.25221581
      55.5000      0.24781413
      55.5200      0.24341427
      55.5400      0.23901621
      55.5600      0.23461994
      55.5800      0.23022553
      55.6000      0.22583375
      55.6200      0.22144293
      55.6400      0.21705399
      55.6600      0.21266681
      55.6800      0.20828147
      55.7000      0.20389799
      55.7200      0.19951633
      55.7400      0.19513651
      55.7600      0.19184301
      55.7800      0.18855023
      55.8000      0.18525885
      55.8200      0.18196884
      55.8400      0.17868021
      55.8600      0.17539295
      55.8800      0.17210709
      55.9000      0.16882260
      55.9200      0.16554013
      55.9400      0.16225843
      55.9600      0.15897812
      55.9800      0.15569921
      56.0000      0.15242169
      56.0200      0.14914557
      56.0400      0.14587086
      56.0600      0.14259754
      56.0800      0.13932563
      56.1000      0.13605573
      56.1200      0.13278667
      56.1400      0.12951898
      56.1600      0.12625273
      56.1800      0.12298788
      56.2000      0.12134271
      56.2200      0.12131553
      56.2400      0.12128831
      56.2600      0.12126108
      56.2800      0.12123381
      56.3000      0.12120650
      56.3200      0.12117917
      56.3400      0.12115183
      56.3600      0.12112445
      56.3800      0.12109704
      56.4000      0.12106961
      56.4200      0.12104216
      56.4400      0.12101466
      56.4600      0.12098716
      56.4800      0.12095960
      56.5000      0.12093203
      56.5200      0.12090444
      56.5400      0.12087682
      56.5600      0.12084918
      56.5800      0.12082148
      56.6000      0.12079379
      56.6200      0.12076606
      56.6400      0.12073830
      56.6600      0.11966102
      56.6800      0.11753457
      56.7000      0.11540908
      56.7200      0.11328451
      56.7400      0.11116089
      56.7600      0.10903862
      56.7800      0.10691691
      56.8000      0.10479613
      56.8200      0.10267629
      56.8400      0.10055743
      56.8600     0.098439490
      56.8800     0.096322538
      56.9000     0.094206515
      56.9200     0.092091877
      56.9400     0.089977771
      56.9600     0.087864642
      56.9800     0.085752473
      57.0000     0.083641261
      57.0200     0.081531014
      57.0400     0.079421727
      57.0600     0.077313422
      57.0800     0.075206073
      57.1000     0.073100098
      57.1200     0.071016922
      57.1400     0.068956902
      57.1600     0.066897855
      57.1800     0.064839756
      57.2000     0.062782607
      57.2200     0.060726416
      57.2400     0.058671184
      57.2600     0.056617302
      57.2800     0.054563991
      57.3000     0.052511644
      57.3200     0.050460265
      57.3400     0.048409840
      57.3600     0.046360381
      57.3800     0.044311898
      57.4000     0.042264377
      57.4200     0.040218223
      57.4400     0.038172643
      57.4600     0.036128043
      57.4800     0.034084410
      57.5000     0.032041750
      57.5200     0.030000070
      57.5400     0.027959367
      57.5600     0.025919648
      57.5800     0.023880901
      57.6000     0.024890904
      57.6200     0.025900596
      57.6400     0.026909794
      57.6600     0.027918490
      57.6800     0.028926683
      57.7000     0.029934377
      57.7200     0.030941574
      57.7400     0.031948265
      57.7600     0.032954254
      57.7800     0.033959940
      57.8000     0.034965119
      57.8200     0.035969797
      57.8400     0.036973967
      57.8600     0.037977627
      57.8800     0.038980785
      57.9000     0.039983433
      57.9200     0.040985387
      57.9400     0.041987028
      57.9600     0.042988148
      57.9800     0.043988763
      58.0000     0.044988873
      58.0200     0.045988469
      58.0400     0.046987549
      58.0600     0.046470447
      58.0800     0.044438875
      58.1000     0.042408688
      58.1200     0.040379107
      58.1400     0.038350538
      58.1600     0.036322963
      58.1800     0.034296388
      58.2000     0.032270824
      58.2200     0.030246256
      58.2400     0.028222701
      58.2600     0.026200537
      58.2800     0.024179000
      58.3000     0.022158467
      58.3200     0.020138946
      58.3400     0.018120439
      58.3600     0.016102947
      58.3800     0.014086468
      58.4000     0.012071002
      58.4200     0.010056941
      58.4400    0.0080435128
      58.4600    0.0060311030
      58.4800    0.0040197120
      58.5000    0.0020093470
      58.5200       0.0000000
      58.5400       0.0000000
      58.5600       0.0000000
      58.5800       0.0000000
      58.6000       0.0000000
      58.6200       0.0000000
      58.6400       0.0000000
      58.6600       0.0000000
      58.6800       0.0000000
      58.7000       0.0000000
      58.7200       0.0000000
      58.7400       0.0000000
      58.7600       0.0000000
      58.7800       0.0000000
      58.8000       0.0000000
      58.8200       0.0000000
      58.8400       0.0000000
      58.8600       0.0000000
      58.8800       0.0000000
      58.9000       0.0000000
      58.9200       0.0000000
      58.9400       0.0000000
      58.9600       0.0000000
      58.9800       0.0000000
      59.0000       0.0000000
      59.0200       0.0000000
      59.0400       0.0000000
      59.0600       0.0000000
      59.0800       0.0000000
      59.1000       0.0000000
      59.1200       0.0000000
      59.1400       0.0000000
      59.1600       0.0000000
      59.1800       0.0000000
      59.2000       0.0000000
      59.2200       0.0000000
      59.2400       0.0000000
      59.2600       0.0000000
      59.2800       0.0000000
      59.3000       0.0000000
      59.3200       0.0000000
      59.3400       0.0000000
      59.3600       0.0000000
      59.3800       0.0000000
      59.4000       0.0000000
      59.4200       0.0000000
      59.4400       0.0000000
      59.4600       0.0000000
      59.4800       0.0000000
      59.5000       0.0000000
      59.5200       0.0000000
      59.5400       0.0000000
      59.5600       0.0000000
      59.5800       0.0000000
      59.6000       0.0000000
      59.6200       0.0000000
      59.6400       0.0000000
      59.6600       0.0000000
      59.6800       0.0000000
      59.7000       0.0000000
      59.7200       0.0000000
      59.7400       0.0000000
      59.7600       0.0000000
      59.7800       0.0000000
      59.8000       0.0000000
      59.8200       0.0000000
      59.8400       0.0000000
      59.8600       0.0000000
      59.8800       0.0000000
      59.9000       0.0000000
      59.9200       0.0000000
      59.9400       0.0000000
      59.9600       0.0000000
      59.9800       0.0000000
      60.0000       0.0000000
      60.0200       0.0000000
      60.0400       0.0000000
      60.0600       0.0000000
      60.0800       0.0000000
      60.1000       0.0000000
      60.1200       0.0000000
      60.1400       0.0000000
      60.1600       0.0000000
      60.1800       0.0000000
      60.2000       0.0000000
      60.2200       0.0000000
      60.2400       0.0000000
      60.2600       0.0000000
      60.2800       0.0000000
      60.3000       0.0000000
      60.3200       0.0000000
      60.3400       0.0000000
      60.3600       0.0000000
      60.3800       0.0000000
      60.4000       0.0000000
      60.4200       0.0000000
      60.4400       0.0000000
      60.4600       0.0000000
      60.4800       0.0000000
      60.5000       0.0000000
      60.5200       0.0000000
      60.5400       0.0000000
      60.5600       0.0000000
      60.5800       0.0000000
      60.6000       0.0000000
      60.6200       0.0000000
      60.6400       0.0000000
      60.6600       0.0000000
      60.6800       0.0000000
      60.7000       0.0000000
      60.7200       0.0000000
      60.7400       0.0000000
      60.7600       0.0000000
      60.7800       0.0000000
      60.8000       0.0000000
      60.8200       0.0000000
      60.8400       0.0000000
      60.8600       0.0000000
      60.8800       0.0000000
      60.9000       0.0000000
      60.9200       0.0000000
      60.9400       0.0000000
      60.9600       0.0000000
      60.9800       0.0000000
      61.0000       0.0000000
      61.0200       0.0000000
      61.0400       0.0000000
      61.0600       0.0000000
      61.0800       0.0000000
      61.1000       0.0000000
      61.1200       0.0000000
      61.1400       0.0000000
      61.1600       0.0000000
      61.1800       0.0000000
      61.2000       0.0000000
      61.2200       0.0000000
      61.2400       0.0000000
      61.2600       0.0000000
      61.2800       0.0000000
      61.3000       0.0000000
      61.3200       0.0000000
      61.3400       0.0000000
      61.3600       0.0000000
      61.3800       0.0000000
      61.4000       0.0000000
      61.4200       0.0000000
      61.4400       0.0000000
      61.4600       0.0000000
      61.4800       0.0000000
      61.5000       0.0000000
      61.5200       0.0000000
      61.5400       0.0000000
      61.5600       0.0000000
      61.5800       0.0000000
      61.6000       0.0000000
      61.6200       0.0000000
      61.6400       0.0000000
      61.6600       0.0000000
      61.6800       0.0000000
      61.7000       0.0000000
      61.7200       0.0000000
      61.7400       0.0000000
      61.7600       0.0000000
      61.7800       0.0000000
      61.8000       0.0000000
      61.8200       0.0000000
      61.8400       0.0000000
      61.8600       0.0000000
      61.8800       0.0000000
      61.9000       0.0000000
      61.9200       0.0000000
      61.9400       0.0000000
      61.9600       0.0000000
      61.9800       0.0000000
