@nustar_fpma_eff.pco
!
1.62 9.71901137E-3
1.65999997 2.35376302E-2
1.70000005 5.37422746E-2
1.74000001 0.120162912
1.77999997 0.251363933
1.81999993 0.468569428
1.86000001 0.371472716
1.89999998 0.652837634
1.94000006 1.12075222
1.98000002 1.78835511
2.01999998 2.70169997
2.05999994 3.9232173
2.0999999 5.52832985
2.13999987 5.19274569
2.18000007 6.60936022
2.22000003 7.21579361
2.25999999 8.70606327
2.29999995 10.4162731
2.33999991 12.4738369
2.38000011 14.3911581
2.42000008 16.2450428
2.46000004 18.3730583
2.5 20.848114
2.53999996 23.864418
2.57999992 27.2075367
2.61999989 30.1117287
2.66000009 30.4916153
2.70000005 33.5924377
2.74000001 36.8744164
2.77999997 40.437027
2.81999993 44.4473763
2.86000013 48.455677
2.9000001 52.12257
2.94000006 55.9945946
2.98000002 59.8309937
3.01999998 64.5303116
3.05999994 67.2255936
3.0999999 72.110939
3.13999987 77.0178909
3.18000007 81.9389648
3.22000003 86.6086731
3.25999999 91.5450974
3.29999995 95.1165314
3.33999991 100.159271
3.38000011 105.264214
3.42000008 110.537498
3.46000004 115.506721
3.5 120.509834
3.53999996 119.064003
3.57999992 123.519875
3.61999989 128.719589
3.66000009 133.580429
3.70000005 137.859848
3.74000001 137.183167
3.77999997 140.360657
3.81999993 143.522919
3.86000013 146.002213
3.9000001 147.651886
3.94000006 151.582382
3.98000002 156.317825
4.01999998 159.150391
4.05999994 163.618027
4.0999999 168.258682
4.13999987 173.237381
4.17999983 177.557266
4.21999979 181.864273
4.26000023 186.017288
4.30000019 189.686432
4.34000015 187.528015
4.38000011 189.004364
4.42000008 191.927292
4.46000004 195.331345
4.5 198.784119
4.53999996 201.539032
4.57999992 204.356094
4.61999989 203.074066
4.65999985 205.489868
4.69999981 207.544601
4.73999977 210.054245
4.78000021 213.361877
4.82000017 215.891113
4.86000013 217.89003
4.9000001 220.057831
4.94000006 220.704208
4.98000002 222.908691
5.01999998 226.047623
5.05999994 227.92897
5.0999999 230.771317
5.13999987 233.602997
5.17999983 234.899948
5.21999979 237.902191
5.26000023 240.640991
5.30000019 242.944473
5.34000015 244.732574
5.38000011 247.19725
5.42000008 249.701523
5.46000004 252.035019
5.5 254.537506
5.53999996 256.655975
5.57999992 259.283325
5.61999989 260.728668
5.65999985 263.293823
5.69999981 265.46051
5.73999977 266.533936
5.78000021 268.516724
5.82000017 270.406525
5.86000013 273.157532
5.9000001 274.774445
5.94000006 276.695221
5.98000002 278.921021
6.01999998 280.096771
6.05999994 281.696838
6.0999999 283.836853
6.13999987 285.385376
6.17999983 286.203583
6.21999979 288.55011
6.26000023 289.409637
6.30000019 291.229462
6.34000015 292.768951
6.38000011 294.929382
6.42000008 296.200104
6.46000004 297.669708
6.5 298.368256
6.53999996 299.983185
6.57999992 301.08371
6.61999989 303.687592
6.65999985 304.235535
6.69999981 305.978973
6.73999977 306.874664
6.78000021 308.420288
6.82000017 310.029572
6.86000013 310.155426
6.9000001 311.685242
6.94000006 313.143433
6.98000002 314.213715
7.01999998 315.897919
7.05999994 316.747925
7.0999999 316.46756
7.13999987 315.147186
7.17999983 316.629761
7.21999979 317.658264
7.26000023 318.277679
7.30000019 318.671997
7.34000015 319.788788
7.38000011 320.733978
7.42000008 321.39267
7.46000004 322.569244
7.5 323.645203
7.53999996 324.086395
7.57999992 324.132843
7.61999989 326.058502
7.65999985 325.4552
7.69999981 327.001404
7.73999977 327.035004
7.78000021 327.6427
7.82000017 329.352234
7.86000013 330.973907
7.9000001 330.263336
7.94000006 330.643555
7.98000002 331.959961
8.02000046 332.274323
8.05999947 332.852722
8.10000038 332.467285
8.13999939 333.469849
8.18000031 334.387634
8.21999931 334.841064
8.26000023 334.75296
8.29999924 335.509613
8.34000015 336.911713
8.37999916 335.611267
8.42000008 337.709961
8.45999908 337.464172
8.5 338.039764
8.54000092 338.7547
8.57999992 339.662476
8.62000084 339.523468
8.65999985 341.140198
8.70000076 340.530945
8.73999977 341.051208
8.78000069 341.240997
8.81999969 341.677032
8.86000061 341.493073
8.89999962 342.844757
8.94000053 342.641754
8.97999954 342.378998
9.02000046 344.036957
9.05999947 342.384918
9.10000038 343.152496
9.13999939 344.491516
9.18000031 344.656586
9.21999931 344.257416
9.26000023 344.418854
9.29999924 345.09845
9.34000015 346.274231
9.37999916 346.017639
9.42000008 346.03714
9.45999908 346.31073
9.5 347.113434
9.54000092 346.583679
9.57999992 347.192719
9.62000084 346.551422
9.65999985 345.797394
9.70000076 346.642578
9.73999977 346.463745
9.78000069 346.792572
9.81999969 345.981171
9.86000061 345.544952
9.89999962 345.701996
9.94000053 345.293335
9.97999954 347.176056
10.0200005 348.322113
10.0599995 344.617737
10.1000004 341.098877
10.1399994 337.363434
10.1800003 327.799866
10.2199993 316.347626
10.2600002 313.662415
10.2999992 311.872833
10.3400002 309.433075
10.3799992 307.989532
10.4200001 307.26828
10.4599991 306.843658
10.5 306.595215
10.5400009 307.575378
10.5799999 307.442108
10.6200008 306.526306
10.6599998 305.841461
10.7000008 305.257019
10.7399998 305.758484
10.7800007 307.140961
10.8199997 306.978424
10.8600006 306.948822
10.8999996 307.568085
10.9400005 307.677307
10.9799995 308.1073
11.0200005 308.54425
11.0599995 308.048859
11.1000004 307.712341
11.1399994 308.317169
11.1800003 307.957184
11.2199993 306.473724
11.2600002 306.460876
11.2999992 305.304932
11.3400002 303.185059
11.3799992 301.85556
11.4200001 299.118561
11.4599991 294.804169
11.5 291.07547
11.5400009 286.332825
11.5799999 271.657593
11.6200008 268.306122
11.6599998 266.877716
11.7000008 265.73877
11.7399998 263.335541
11.7800007 262.435333
11.8199997 260.250336
11.8600006 260.099579
11.8999996 259.480408
11.9400005 257.560913
11.9799995 257.303772
12.0200005 255.34906
12.0599995 254.032394
12.1000004 252.681839
12.1399994 252.265778
12.1800003 253.286911
12.2199993 252.624619
12.2600002 253.588608
12.2999992 253.642365
12.3400002 253.557373
12.3799992 254.393265
12.4200001 253.771545
12.4599991 252.965942
12.5 253.173233
12.5400009 252.977539
12.5799999 253.072342
12.6200008 253.047623
12.6599998 252.591019
12.7000008 252.834274
12.7399998 252.276428
12.7800007 251.474594
12.8199997 251.515259
12.8600006 251.627151
12.8999996 250.106308
12.9400005 250.58728
12.9799995 250.483688
13.0200005 250.160522
13.0599995 248.551056
13.1000004 247.45874
13.1399994 246.690842
13.1800003 246.507553
13.2199993 245.250397
13.2600002 244.036697
13.2999992 242.889069
13.3400002 238.460663
13.3799992 237.43956
13.4200001 236.322067
13.4599991 235.606033
13.5 234.86412
13.5400009 233.950317
13.5799999 233.248672
13.6200008 232.918289
13.6599998 231.796173
13.7000008 231.88826
13.7399998 230.595413
13.7800007 229.612274
13.8199997 228.478378
13.8600006 227.001862
13.8999996 225.593979
13.9400005 225.1539
13.9799995 224.770981
14.0200005 224.178101
14.0599995 224.324203
14.1000004 223.784515
14.1399994 223.703766
14.1800003 222.848389
14.2199993 222.371292
14.2600002 221.725998
14.2999992 222.021927
14.3400002 221.608261
14.3799992 220.774567
14.4200001 220.281113
14.4599991 220.113266
14.5 219.707718
14.5400009 219.274384
14.5799999 218.244125
14.6200008 217.369034
14.6599998 217.528259
14.7000008 216.668198
14.7399998 216.134216
14.7800007 216.55896
14.8199997 215.068115
14.8600006 214.87088
14.8999996 214.527817
14.9400005 214.930054
14.9799995 212.788254
15.0200005 212.68248
15.0599995 213.039246
15.1000004 212.235382
15.1399994 211.317719
15.1800003 210.871658
15.2199993 210.663925
15.2600002 210.120895
15.2999992 209.899872
15.3400002 208.422684
15.3799992 208.112335
15.4200001 207.982788
15.4599991 207.526352
15.5 206.394547
15.5400009 206.146423
15.5799999 206.271027
15.6200008 205.429733
15.6599998 204.756073
15.7000008 203.799637
15.7399998 203.451126
15.7800007 203.901718
15.8199997 203.22757
15.8600006 202.708618
15.8999996 202.171097
15.9400005 201.245514
15.9799995 201.216675
16.0200005 200.707214
16.0600014 200.123398
16.1000004 199.92421
16.1399994 199.138748
16.1800003 198.428802
16.2200012 198.133896
16.2600002 198.087326
16.2999992 196.851944
16.3400002 196.992126
16.3800011 196.627228
16.4200001 195.518509
16.4599991 195.599991
16.5 195.115204
16.5400009 194.045502
16.5799999 193.95195
16.6199989 193.40802
16.6599998 192.864227
16.7000008 192.649246
16.7399998 191.976318
16.7799988 191.253967
16.8199997 191.311554
16.8600006 190.351822
16.8999996 190.16008
16.9399986 189.854156
16.9799995 189.109329
17.0200005 189.250015
17.0600014 188.394104
17.1000004 188.240356
17.1399994 187.360107
17.1800003 187.047073
17.2200012 187.025223
17.2600002 185.847809
17.2999992 185.190933
17.3400002 185.435699
17.3800011 184.867111
17.4200001 184.591278
17.4599991 183.924835
17.5 183.879013
17.5400009 183.456924
17.5799999 182.701675
17.6199989 182.629105
17.6599998 181.922806
17.7000008 180.891571
17.7399998 180.467667
17.7799988 180.698135
17.8199997 180.558746
17.8600006 179.776093
17.8999996 179.386353
17.9399986 179.32811
17.9799995 178.471542
18.0200005 177.743408
18.0600014 177.718491
18.1000004 177.116608
18.1399994 176.569885
18.1800003 176.457993
18.2200012 176.2509
18.2600002 175.409103
18.2999992 175.189835
18.3400002 175.056259
18.3800011 174.706955
18.4200001 173.858139
18.4599991 173.329712
18.5 173.108627
18.5400009 172.766357
18.5799999 172.440994
18.6199989 171.33989
18.6599998 171.338318
18.7000008 170.979568
18.7399998 170.215271
18.7799988 169.499313
18.8199997 169.488281
18.8600006 169.390121
18.8999996 168.659317
18.9399986 168.202454
18.9799995 167.959183
19.0200005 167.443924
19.0600014 166.502808
19.1000004 166.174789
19.1399994 165.735931
19.1800003 165.629089
19.2200012 165.562119
19.2600002 164.834625
19.2999992 163.641876
19.3400002 163.759247
19.3800011 163.158447
19.4200001 162.90654
19.4599991 162.503952
19.5 161.922668
19.5400009 161.50058
19.5799999 160.616638
19.6199989 160.564102
19.6599998 160.335968
19.7000008 159.837631
19.7399998 159.827972
19.7799988 158.917023
19.8199997 158.655457
19.8600006 157.920074
19.8999996 157.658249
19.9399986 157.558319
19.9799995 156.625732
20.0200005 156.773499
20.0600014 156.239578
20.1000004 155.373337
20.1399994 155.509552
20.1800003 154.861572
20.2200012 154.832581
20.2600002 154.170517
20.2999992 153.987137
20.3400002 153.4832
20.3800011 152.796738
20.4200001 152.701584
20.4599991 151.978012
20.5 151.401627
20.5400009 151.478363
20.5799999 150.553757
20.6199989 150.824905
20.6599998 150.392593
20.7000008 149.463638
20.7399998 148.71521
20.7799988 149.127762
20.8199997 148.623947
20.8600006 148.169495
20.8999996 147.897781
20.9399986 146.914917
20.9799995 146.902954
21.0200005 146.186371
21.0600014 145.776276
21.1000004 145.935577
21.1399994 145.332321
21.1800003 144.635223
21.2200012 144.162979
21.2600002 144.264313
21.2999992 143.841766
21.3400002 143.054855
21.3800011 142.777771
21.4200001 142.599884
21.4599991 142.218887
21.5 141.671448
21.5400009 141.227417
21.5799999 140.701767
21.6199989 140.624268
21.6599998 140.342285
21.7000008 139.765381
21.7399998 139.70314
21.7799988 138.925568
21.8199997 138.945541
21.8600006 138.143799
21.8999996 137.649185
21.9399986 137.994553
21.9799995 137.43306
22.0200005 137.141434
22.0600014 136.326401
22.1000004 136.287888
22.1399994 135.60025
22.1800003 135.317596
22.2200012 134.919037
22.2600002 134.459778
22.2999992 134.526382
22.3400002 133.917191
22.3800011 133.526352
22.4200001 133.121017
22.4599991 132.295609
22.5 132.384323
22.5400009 132.191803
22.5799999 131.697968
22.6199989 131.674316
22.6599998 130.947098
22.7000008 130.463242
22.7399998 130.254242
22.7799988 129.958359
22.8199997 129.80452
22.8600006 128.52594
22.8999996 128.822098
22.9399986 128.110794
22.9799995 127.983871
23.0200005 127.832214
23.0600014 127.434799
23.1000004 126.957802
23.1399994 126.627594
23.1800003 126.278618
23.2200012 125.936493
23.2600002 125.464745
23.2999992 125.294495
23.3400002 124.8078
23.3800011 124.589043
23.4200001 123.946289
23.4599991 123.357185
23.5 123.592506
23.5400009 122.85331
23.5799999 122.746605
23.6199989 122.59549
23.6599998 122.153473
23.7000008 121.339523
23.7399998 121.05687
23.7799988 120.642471
23.8199997 120.653831
23.8600006 119.99514
23.8999996 119.798065
23.9399986 119.232292
23.9799995 119.111526
24.0200005 118.759613
24.0600014 118.367599
24.1000004 117.947533
24.1399994 117.819023
24.1800003 117.22979
24.2200012 116.925781
24.2600002 116.61779
24.2999992 116.487854
24.3400002 115.812294
24.3800011 115.490005
24.4200001 115.441406
24.4599991 114.799332
24.5 114.287857
24.5400009 113.890396
24.5799999 114.014221
24.6199989 113.548515
24.6599998 113.291748
24.7000008 112.803207
24.7399998 112.113647
24.7799988 112.404984
24.8199997 111.997787
24.8600006 111.566971
24.8999996 111.249336
24.9399986 111.092323
24.9799995 110.77018
25.0200005 110.308205
25.0600014 110.292351
25.1000004 109.69104
25.1399994 109.579536
25.1800003 109.285225
25.2200012 109.040939
25.2600002 108.749329
25.2999992 108.585823
25.3400002 108.341248
25.3800011 107.980896
25.4200001 107.724602
25.4599991 107.411034
25.5 107.365868
25.5400009 107.017097
25.5799999 106.868195
25.6199989 106.37973
25.6599998 106.665123
25.7000008 106.005394
25.7399998 105.816765
25.7799988 105.31913
25.8199997 105.38472
25.8600006 105.022469
25.8999996 104.643471
25.9399986 104.370941
25.9799995 103.908913
26.0200005 104.125511
26.0600014 103.626572
26.1000004 103.277229
26.1399994 102.96331
26.1800003 102.897522
26.2200012 102.353951
26.2600002 102.188049
26.2999992 102.288544
26.3400002 101.724373
26.3800011 101.428452
26.4200001 101.13916
26.4599991 100.896881
26.5 100.483582
26.5400009 100.056725
26.5799999 100.154045
26.6199989 99.8392868
26.6599998 99.4183121
26.7000008 98.3758926
26.7399998 97.9684525
26.7799988 97.9286194
26.8199997 97.8720551
26.8600006 97.4533615
26.8999996 97.4263763
26.9399986 97.2011566
26.9799995 96.8534088
27.0200005 96.6510925
27.0600014 96.6270981
27.1000004 96.5532227
27.1399994 96.2158661
27.1800003 95.9258041
27.2200012 96.0742416
27.2600002 95.9793167
27.2999992 95.5415878
27.3400002 95.4347992
27.3800011 95.2911987
27.4200001 95.0794678
27.4599991 94.8831711
27.5 95.0037918
27.5400009 94.6044235
27.5799999 94.4454117
27.6199989 94.6244507
27.6599998 94.5134048
27.7000008 93.9050827
27.7399998 94.3833008
27.7799988 93.9445114
27.8199997 93.9913101
27.8600006 93.8177338
27.8999996 93.6108093
27.9399986 93.7503815
27.9799995 93.4993668
28.0200005 93.6369476
28.0600014 93.2911911
28.1000004 93.4367981
28.1399994 93.5339737
28.1800003 93.5847244
28.2200012 93.4916916
28.2600002 93.740036
28.2999992 93.4913635
28.3400002 93.5684967
28.3800011 93.6715164
28.4200001 93.5383453
28.4599991 93.4636078
28.5 92.9847412
28.5400009 93.1161118
28.5799999 93.1161346
28.6199989 92.809906
28.6599998 92.8571854
28.7000008 92.6754303
28.7399998 92.6524048
28.7799988 92.409256
28.8199997 92.3690796
28.8600006 92.182251
28.8999996 92.3467484
28.9399986 92.1934662
28.9799995 92.2349014
29.0200005 91.8367386
29.0600014 91.848938
29.1000004 91.6584167
29.1399994 91.5959167
29.1800003 91.4923477
29.2200012 91.2528076
29.2600002 91.3352356
29.2999992 91.0294876
29.3400002 91.2907486
29.3800011 90.9687805
29.4200001 91.0291443
29.4599991 90.5327301
29.5 90.6936188
29.5400009 90.3729172
29.5799999 90.4103241
29.6199989 90.2968521
29.6599998 90.3695526
29.7000008 89.9843597
29.7399998 90.0673523
29.7799988 90.0834656
29.8199997 89.7730713
29.8600006 89.6831207
29.8999996 89.6963501
29.9399986 89.7465363
29.9799995 89.4978333
30.0200005 89.3120956
30.0600014 89.2233582
30.1000004 89.0393372
30.1399994 88.6836319
30.1800003 88.5785828
30.2200012 88.6551895
30.2600002 88.482666
30.2999992 88.5685349
30.3400002 88.2737656
30.3800011 88.2506027
30.4200001 87.9610367
30.4599991 87.7735672
30.5 87.9823837
30.5400009 87.7718277
30.5799999 87.5629349
30.6199989 87.7285385
30.6599998 87.4549255
30.7000008 87.2708054
30.7399998 87.255188
30.7799988 86.9141235
30.8199997 87.0166473
30.8600006 87.1533203
30.8999996 86.8995361
30.9399986 86.2970657
30.9799995 86.6915131
31.0200005 86.3034286
31.0600014 86.3566132
31.1000004 85.9721069
31.1399994 85.9589996
31.1800003 86.009552
31.2200012 85.923912
31.2600002 85.9158783
31.2999992 85.9484406
31.3400002 85.9459763
31.3800011 85.6932602
31.4200001 85.6185455
31.4599991 85.6301193
31.5 85.3603592
31.5400009 85.1416626
31.5799999 85.2314377
31.6199989 85.1724319
31.6599998 85.2630081
31.7000008 85.0320587
31.7399998 84.6064682
31.7799988 84.9346161
31.8199997 83.7470856
31.8600006 83.1490631
31.8999996 83.3108673
31.9399986 83.2205582
31.9799995 82.9166412
32.0200005 83.0830765
32.0600014 82.790123
32.0999985 82.9015503
32.1399994 82.7308731
32.1800003 82.6343689
32.2200012 82.4654846
32.2600021 82.6099014
32.2999992 82.2246017
32.3400002 82.196701
32.3800011 82.1826248
32.4199982 82.2225571
32.4599991 82.1913528
32.5 82.014183
32.5400009 81.7267151
32.5800018 81.7011261
32.6199989 81.3382111
32.6599998 81.6800766
32.7000008 81.2790756
32.7399979 81.1266174
32.7799988 80.9892807
32.8199997 80.8296738
32.8600006 80.9468536
32.9000015 80.9439926
32.9399986 80.6735382
32.9799995 80.7094727
33.0200005 80.7260132
33.0600014 80.6860352
33.0999985 80.6806412
33.1399994 80.506485
33.1800003 80.5741806
33.2200012 80.3121567
33.2600021 80.067749
33.2999992 79.9564667
33.3400002 80.1354141
33.3800011 80.1068268
33.4199982 79.8445435
33.4599991 79.8257751
33.5 79.5778198
33.5400009 79.4159088
33.5800018 79.3980026
33.6199989 79.5092545
33.6599998 79.104454
33.7000008 79.1963425
33.7399979 78.8313599
33.7799988 79.0744553
33.8199997 78.7209091
33.8600006 78.5912094
33.9000015 78.6550064
33.9399986 78.3900833
33.9799995 78.5357742
34.0200005 78.3251419
34.0600014 78.2309494
34.0999985 78.0859299
34.1399994 77.9192123
34.1800003 78.0152893
34.2200012 78.0039291
34.2600021 77.8393631
34.2999992 77.5817947
34.3400002 77.7230453
34.3800011 77.319046
34.4199982 77.4898529
34.4599991 77.1104965
34.5 77.0260162
34.5400009 77.0689774
34.5800018 77.1054459
34.6199989 76.8561707
34.6599998 76.6582413
34.7000008 76.5383377
34.7399979 76.3997574
34.7799988 76.2744751
34.8199997 76.2936707
34.8600006 76.2514648
34.9000015 75.7946396
34.9399986 75.9778976
34.9799995 75.8398895
35.0200005 75.7232819
35.0600014 75.6020126
35.0999985 75.4331741
35.1399994 75.2907562
35.1800003 75.3155823
35.2200012 75.1750259
35.2600021 74.976532
35.2999992 74.9276047
35.3400002 74.6978378
35.3800011 74.6426544
35.4199982 74.7876663
35.4599991 74.6190643
35.5 74.4544449
35.5400009 74.4033279
35.5800018 74.2325134
35.6199989 73.9453049
35.6599998 74.1070023
35.7000008 73.8681641
35.7399979 73.7983932
35.7799988 73.597374
35.8199997 73.5705643
35.8600006 73.3965607
35.9000015 73.3604736
35.9399986 73.3780289
35.9799995 73.1684647
36.0200005 73.0842209
36.0600014 73.0389328
36.0999985 72.7318039
36.1399994 72.5882034
36.1800003 72.3162003
36.2200012 72.4924011
36.2600021 72.4514618
36.2999992 72.2971878
36.3400002 72.2179794
36.3800011 72.206543
36.4199982 71.8365402
36.4599991 71.7960205
36.5 71.7717285
36.5400009 71.8203583
36.5800018 71.4356461
36.6199989 71.4020386
36.6599998 71.2161865
36.7000008 70.9969025
36.7399979 71.0929565
36.7799988 70.9411621
36.8199997 70.9699631
36.8600006 70.6683121
36.9000015 70.3915787
36.9399986 70.4179459
36.9799995 70.1976471
37.0200005 70.0951233
37.0600014 69.9515457
37.0999985 69.8672104
37.1399994 69.8842545
37.1800003 69.7713318
37.2200012 69.5258026
37.2600021 69.4128036
37.2999992 69.4509354
37.3400002 69.2057571
37.3800011 69.0477829
37.4199982 68.9644318
37.4599991 68.7428207
37.5 68.6268082
37.5400009 68.8396225
37.5800018 68.6159134
37.6199989 68.4292068
37.6599998 68.4404144
37.7000008 68.377449
37.7399979 68.2771606
37.7799988 68.1964645
37.8199997 68.2044601
37.8600006 68.1818619
37.9000015 67.8728561
37.9399986 67.9568481
37.9799995 67.8361969
38.0200005 67.7291336
38.0600014 67.8506699
38.0999985 67.5476608
38.1399994 67.3563385
38.1800003 67.4738693
38.2200012 67.3742294
38.2600021 67.0537262
38.2999992 66.8993073
38.3400002 66.817482
38.3800011 66.8584824
38.4199982 66.7544022
38.4599991 66.6925735
38.5 66.5053177
38.5400009 66.4178696
38.5800018 66.3744507
38.6199989 66.2464905
38.6599998 66.1118469
38.7000008 65.8266373
38.7399979 65.8505173
38.7799988 65.7442703
38.8199997 65.5692444
38.8600006 65.4598007
38.9000015 65.4003677
38.9399986 65.1583786
38.9799995 65.0438919
39.0200005 65.0320587
39.0600014 64.9206772
39.0999985 64.8038101
39.1399994 64.8058701
39.1800003 64.5557861
39.2200012 64.6004562
39.2600021 64.3995895
39.2999992 64.564537
39.3400002 64.4506226
39.3800011 64.4023895
39.4199982 64.3713608
39.4599991 64.1939316
39.5 64.1023712
39.5400009 63.9652023
39.5800018 63.7856369
39.6199989 63.785511
39.6599998 63.6375122
39.7000008 63.5679321
39.7399979 63.3301163
39.7799988 63.1558838
39.8199997 63.1670952
39.8600006 62.9105034
39.9000015 62.9808464
39.9399986 62.8597794
39.9799995 62.700161
40.0200005 62.4772148
40.0600014 62.4231987
40.0999985 62.1850739
40.1399994 62.0708542
40.1800003 61.9410477
40.2200012 62.0239983
40.2600021 61.9060593
40.2999992 61.8681641
40.3400002 61.7085953
40.3800011 61.4188347
40.4199982 61.7195282
40.4599991 61.4518356
40.5 61.2823257
40.5400009 61.077755
40.5800018 61.0786896
40.6199989 60.9875946
40.6599998 61.0062141
40.7000008 60.8498993
40.7399979 60.7099113
40.7799988 60.512619
40.8199997 60.4155159
40.8600006 60.3336411
40.9000015 60.3067551
40.9399986 60.3428955
40.9799995 60.1572914
41.0200005 60.0912132
41.0600014 60.0079575
41.0999985 59.8554802
41.1399994 59.9595261
41.1800003 59.8599815
41.2200012 59.784523
41.2600021 59.7485504
41.2999992 59.5117645
41.3400002 59.644268
41.3800011 59.4235649
41.4199982 59.3794479
41.4599991 59.3443985
41.5 59.166935
41.5400009 59.1556053
41.5800018 58.9526062
41.6199989 58.7839546
41.6599998 58.6908875
41.7000008 58.5906372
41.7399979 58.4160461
41.7799988 58.1638947
41.8199997 58.224781
41.8600006 57.9009895
41.9000015 57.876545
41.9399986 57.7519417
41.9799995 57.4374237
42.0200005 57.4033279
42.0600014 57.3684349
42.0999985 57.1026115
42.1399994 57.1313057
42.1800003 57.2095566
42.2200012 57.1457481
42.2600021 57.1649666
42.2999992 56.8687515
42.3400002 56.971035
42.3800011 56.7211189
42.4199982 56.8581123
42.4599991 56.8350296
42.5 56.6599083
42.5400009 56.6648865
42.5800018 56.4970856
42.6199989 56.4201355
42.6599998 56.3812523
42.7000008 56.395771
42.7399979 56.2727051
42.7799988 56.208519
42.8199997 56.0669518
42.8600006 56.0597687
42.9000015 55.9261971
42.9399986 55.9758987
42.9799995 55.9742889
43.0200005 55.7215309
43.0600014 55.5731926
43.0999985 55.4566917
43.1399994 55.4067078
43.1800003 55.2576408
43.2200012 55.0397339
43.2600021 54.9558411
43.2999992 55.0034523
43.3400002 54.6396675
43.3800011 54.5557556
43.4199982 54.5085945
43.4599991 54.485508
43.5 54.263031
43.5400009 54.2219543
43.5800018 54.0764465
43.6199989 54.2607155
43.6599998 53.9616089
43.7000008 53.8338585
43.7399979 53.7549934
43.7799988 53.6579475
43.8199997 53.6921272
43.8600006 53.637886
43.9000015 53.4692421
43.9399986 53.4392509
43.9799995 53.4056854
44.0200005 53.3275604
44.0600014 53.2025414
44.0999985 53.1702766
44.1399994 53.0995216
44.1800003 52.6039734
44.2200012 52.6299477
44.2600021 52.5427017
44.2999992 52.4314957
44.3400002 52.3780785
44.3800011 52.3997002
44.4199982 52.1837997
44.4599991 52.0892296
44.5 51.7006607
44.5400009 51.8773384
44.5800018 51.8014107
44.6199989 51.7495995
44.6599998 51.6798668
44.7000008 51.5475311
44.7399979 51.5149956
44.7799988 51.5392113
44.8199997 51.3961067
44.8600006 51.2998772
44.9000015 51.1853523
44.9399986 51.0633392
44.9799995 50.9845352
45.0200005 51.0912552
45.0600014 50.8842201
45.0999985 50.7479935
45.1399994 50.6737137
45.1800003 50.6574402
45.2200012 50.6347771
45.2600021 50.4107475
45.2999992 50.3929825
45.3400002 50.3620911
45.3800011 50.2811546
45.4199982 50.2617111
45.4599991 50.0933609
45.5 49.973896
45.5400009 49.889801
45.5800018 49.8241425
45.6199989 49.6248627
45.6599998 49.5222015
45.7000008 49.4057884
45.7399979 49.5359879
45.7799988 49.2992859
45.8199997 49.2463036
45.8600006 49.2476311
45.9000015 49.085598
45.9399986 48.9350929
45.9799995 48.7755241
46.0200005 48.889328
46.0600014 48.824501
46.0999985 48.7825241
46.1399994 48.5307007
46.1800003 48.6370773
46.2200012 48.4242744
46.2600021 48.2863503
46.2999992 48.2422066
46.3400002 48.2245979
46.3800011 48.1595383
46.4199982 48.0651855
46.4599991 48.005497
46.5 47.7066956
46.5400009 47.7571259
46.5800018 47.6042213
46.6199989 47.6809311
46.6599998 47.4815865
46.7000008 47.4993858
46.7399979 47.1674309
46.7799988 47.2463531
46.8199997 47.2695274
46.8600006 47.0535469
46.9000015 46.927063
46.9399986 46.6336327
46.9799995 46.7341156
47.0200005 46.4055176
47.0600014 46.5152283
47.0999985 46.5302048
47.1399994 46.4274712
47.1800003 46.250042
47.2200012 46.2190056
47.2600021 46.3436661
47.2999992 46.2564278
47.3400002 46.1930237
47.3800011 46.2008667
47.4199982 46.1723175
47.4599991 46.0653763
47.5 46.076767
47.5400009 45.9913673
47.5800018 45.757618
47.6199989 45.7318993
47.6599998 45.6367836
47.7000008 45.5660896
47.7399979 45.4719467
47.7799988 45.3022423
47.8199997 45.2537689
47.8600006 45.1705208
47.9000015 45.2083588
47.9399986 45.0738106
47.9799995 44.9157143
48.0200005 44.897995
48.0600014 44.7929764
48.0999985 44.7762604
48.1399994 44.7911758
48.1800003 44.7570305
48.2200012 44.7165108
48.2600021 44.7587547
48.2999992 44.5641899
48.3400002 44.6304665
48.3800011 44.5730553
48.4199982 44.5600929
48.4599991 44.5873184
48.5 44.5592194
48.5400009 44.4542618
48.5800018 44.3054771
48.6199989 44.2948418
48.6599998 44.093708
48.7000008 44.0596085
48.7399979 43.8976707
48.7799988 43.764698
48.8199997 43.7436867
48.8600006 43.5991783
48.9000015 43.337265
48.9399986 43.3187447
48.9799995 43.1649094
49.0200005 43.116024
49.0600014 43.0790634
49.0999985 42.9479866
49.1399994 43.1241875
49.1800003 42.9678459
49.2200012 43.0221367
49.2600021 42.8651962
49.2999992 42.7371635
49.3400002 42.9008255
49.3800011 42.644619
49.4199982 42.6472511
49.4599991 42.5368004
49.5 42.6589508
49.5400009 42.4407578
49.5800018 42.3618507
49.6199989 42.4062843
49.6599998 42.2177811
49.7000008 42.2775192
49.7399979 42.2325401
49.7799988 42.0480881
49.8199997 42.1096573
49.8600006 42.0586777
49.9000015 41.841362
49.9399986 41.9042854
49.9799995 41.7305336
50.0200005 41.6536598
50.0600014 41.5517921
50.0999985 41.5108452
50.1399994 41.3727036
50.1800003 41.2786903
50.2200012 41.2788658
50.2600021 41.2050743
50.2999992 41.1539726
50.3400002 40.8576927
50.3800011 40.9409637
50.4199982 40.7627678
50.4599991 40.629631
50.5 40.5434608
50.5400009 40.5973969
50.5800018 40.4846687
50.6199989 40.4405975
50.6599998 40.3795547
50.7000008 40.410984
50.7399979 40.3288383
50.7799988 40.2084579
50.8199997 40.1276436
50.8600006 40.0957413
50.9000015 40.110714
50.9399986 40.029583
50.9799995 39.904541
51.0200005 39.9825211
51.0600014 39.8824425
51.0999985 39.8078003
51.1399994 39.8354454
51.1800003 39.7778168
51.2200012 39.7597809
51.2600021 39.637291
51.2999992 39.6621323
51.3400002 39.5283699
51.3800011 39.5175896
51.4199982 39.5116501
51.4599991 39.4570007
51.5 39.547226
51.5400009 39.3989983
51.5800018 39.2507324
51.6199989 39.1730614
51.6599998 39.0866165
51.7000008 39.1166191
51.7399979 39.0330658
51.7799988 38.9102516
51.8199997 38.817894
51.8600006 38.7416725
51.9000015 38.5813828
51.9399986 38.5681877
51.9799995 38.5477905
52.0200005 38.4336243
52.0600014 38.4081306
52.0999985 38.3562965
52.1399994 38.2928734
52.1800003 38.1698151
52.2200012 38.1006393
52.2600021 37.9478226
52.2999992 37.9407387
52.3400002 37.853363
52.3800011 37.8022652
52.4199982 37.7790298
52.4599991 37.600296
52.5 37.6263847
52.5400009 37.5776215
52.5800018 37.5516167
52.6199989 37.4768372
52.6599998 37.3975143
52.7000008 37.3115807
52.7399979 37.1970291
52.7799988 37.3226814
52.8199997 37.0955162
52.8600006 37.2455101
52.9000015 37.1113205
52.9399986 37.0553398
52.9799995 37.0935669
53.0200005 37.0712814
53.0600014 36.982132
53.0999985 36.9011917
53.1399994 36.8701248
53.1800003 36.7719574
53.2200012 36.7564201
53.2600021 36.7503967
53.2999992 36.595356
53.3400002 36.5273514
53.3800011 36.4380188
53.4199982 36.3867798
53.4599991 36.4171753
53.5 36.4221382
53.5400009 36.2237778
53.5800018 36.2048798
53.6199989 36.1203804
53.6599998 36.0088577
53.7000008 35.9703369
53.7399979 35.8826065
53.7799988 35.8573761
53.8199997 35.7796021
53.8600006 35.6841621
53.9000015 35.7321281
53.9399986 35.5272217
53.9799995 35.4819069
54.0200005 35.416893
54.0600014 35.3428879
54.0999985 35.2360115
54.1399994 35.1657181
54.1800003 35.1924324
54.2200012 35.0360489
54.2600021 35.0101089
54.2999992 34.9833641
54.3400002 34.8828354
54.3800011 34.7670212
54.4199982 34.72612
54.4599991 34.6657372
54.5 34.6949463
54.5400009 34.5181618
54.5800018 34.4450302
54.6199989 34.4902992
54.6599998 34.394989
54.7000008 34.2409363
54.7399979 34.3239784
54.7799988 34.1787109
54.8199997 34.1587257
54.8600006 34.1665115
54.9000015 34.1202888
54.9399986 34.0362587
54.9799995 33.8836937
55.0200005 33.9105263
55.0600014 33.8760986
55.0999985 33.6497993
55.1399994 33.6855011
55.1800003 33.6222992
55.2200012 33.5135078
55.2600021 33.4472351
55.2999992 33.3647919
55.3400002 33.2664948
55.3800011 33.3040237
55.4199982 33.1625175
55.4599991 33.0257607
55.5 33.1023903
55.5400009 32.9682159
55.5800018 32.9011459
55.6199989 32.8589325
55.6599998 32.8446808
55.7000008 32.719841
55.7399979 32.7712746
55.7799988 32.6843681
55.8199997 32.7361336
55.8600006 32.601059
55.9000015 32.5598373
55.9399986 32.4682655
55.9799995 32.533268
56.0200005 32.4645386
56.0600014 32.4043503
56.0999985 32.3810616
56.1399994 32.3711891
56.1800003 32.3825417
56.2200012 32.3358459
56.2600021 32.3081474
56.2999992 32.3169441
56.3400002 32.3135185
56.3800011 32.2021408
56.4199982 32.1885414
56.4599991 32.1719208
56.5 32.0758286
56.5400009 32.0808525
56.5800018 32.0285072
56.6199989 32.0001907
56.6599998 31.872261
56.7000008 31.7486172
56.7399979 31.759552
56.7799988 31.6401768
56.8199997 31.5687351
56.8600006 31.4663048
56.9000015 31.5045013
56.9399986 31.3983517
56.9799995 31.4215202
57.0200005 31.368557
57.0600014 31.3114758
57.0999985 31.1517334
57.1399994 31.0178452
57.1800003 30.9109344
57.2200012 30.8569279
57.2600021 30.9409924
57.2999992 30.720314
57.3400002 30.6989307
57.3800011 30.5754642
57.4199982 30.5252399
57.4599991 30.3942394
57.5 30.3982677
57.5400009 30.4137363
57.5800018 30.3444538
57.6199989 30.3026733
57.6599998 30.2695732
57.7000008 30.299284
57.7399979 30.3695126
57.7799988 30.1586018
57.8199997 30.1898174
57.8600006 30.0780926
57.9000015 30.1942692
57.9399986 30.0855846
57.9799995 30.0523643
58.0200005 29.9835949
58.0600014 29.915987
58.0999985 29.8461857
58.1399994 29.7813282
58.1800003 29.7729378
58.2200012 29.7987366
58.2600021 29.601944
58.2999992 29.6216679
58.3400002 29.4736958
58.3800011 29.4000988
58.4199982 29.3164806
58.4599991 29.2492294
58.5 29.2157326
58.5400009 29.1395512
58.5800018 29.0590668
58.6199989 29.1247387
58.6599998 29.1480236
58.7000008 29.0038738
58.7399979 28.9693184
58.7799988 28.9407558
58.8199997 28.9469242
58.8600006 28.850399
58.9000015 28.7718697
58.9399986 28.764637
58.9799995 28.7680683
59.0200005 28.6683025
59.0600014 28.6477795
59.0999985 28.6229382
59.1399994 28.6307697
59.1800003 28.5922565
59.2200012 28.5645905
59.2600021 28.5649548
59.2999992 28.529726
59.3400002 28.4664841
59.3800011 28.4383621
59.4199982 28.4443054
59.4599991 28.4345722
59.5 28.2647266
59.5400009 28.2588673
59.5800018 28.1411629
59.6199989 28.1559448
59.6599998 28.0789165
59.7000008 27.9364719
59.7399979 27.8619995
59.7799988 27.7809544
59.8199997 27.7268353
59.8600006 27.6969852
59.9000015 27.610733
59.9399986 27.4864025
59.9799995 27.4303646
60.0200005 27.4030399
60.0600014 27.3585892
60.0999985 27.3909664
60.1399994 27.2768803
60.1800003 27.2262917
60.2200012 27.1927795
60.2600021 27.239193
60.2999992 27.1594753
60.3400002 27.1565151
60.3800011 27.1638584
60.4199982 27.2637291
60.4599991 27.1255856
60.5 27.0037823
60.5400009 27.0502338
60.5800018 27.0712147
60.6199989 26.7970943
60.6599998 26.818634
60.7000008 26.6729012
60.7399979 26.6152077
60.7799988 26.643692
60.8199997 26.5097294
60.8600006 26.4346027
60.9000015 26.3430119
60.9399986 26.3532677
60.9799995 26.1861115
61.0200005 26.174675
61.0600014 26.2019997
61.0999985 26.1689358
61.1399994 26.1782455
61.1800003 26.2358818
61.2200012 26.1751308
61.2600021 26.1926479
61.2999992 26.1823349
61.3400002 26.1620331
61.3800011 26.1793976
61.4199982 26.2568855
61.4599991 26.1729889
61.5 26.2011719
61.5400009 26.1313305
61.5800018 26.1027927
61.6199989 25.9411125
61.6599998 25.8681984
61.7000008 25.8373432
61.7399979 25.7862377
61.7799988 25.7328548
61.8199997 25.6279373
61.8600006 25.5346222
61.9000015 25.5137768
61.9399986 25.495966
61.9799995 25.3783321
62.0200005 25.3116665
62.0600014 25.2978382
62.0999985 25.1740665
62.1399994 25.2361164
62.1800003 25.1534138
62.2200012 25.0656776
62.2600021 25.0566235
62.2999992 25.0135975
62.3400002 24.9049511
62.3800011 24.9044724
62.4199982 24.8411884
62.4599991 24.8150768
62.5 24.7765331
62.5400009 24.7536411
62.5800018 24.6154957
62.6199989 24.5975761
62.6599998 24.5719948
62.7000008 24.4752541
62.7399979 24.4295082
62.7799988 24.2825947
62.8199997 24.2996731
62.8600006 24.2289124
62.9000015 24.1780167
62.9399986 24.0696354
62.9799995 24.0088062
63.0200005 23.9479694
63.0600014 23.8795376
63.0999985 23.8993626
63.1399994 23.9085236
63.1800003 23.8098965
63.2200012 23.8136349
63.2600021 23.7055511
63.2999992 23.6875782
63.3400002 23.7391796
63.3800011 23.6370277
63.4199982 23.5820827
63.4599991 23.595232
63.5 23.57481
63.5400009 23.5890102
63.5800018 23.4627151
63.6199989 23.4717579
63.6599998 23.4517612
63.7000008 23.3903484
63.7399979 23.3498898
63.7799988 23.2595882
63.8199997 23.2375946
63.8600006 23.1519661
63.9000015 23.1451054
63.9399986 23.1617756
63.9799995 23.1206245
64.0200043 23.054203
64.0599976 23.0236073
64.1000061 22.977356
64.1399994 22.9474812
64.1800003 22.8657093
64.2200012 22.8584862
64.2599945 22.7918587
64.3000031 22.7458649
64.3399963 22.6932678
64.3800049 22.7518997
64.4199982 22.6748753
64.4600067 22.6532669
64.5 22.5444088
64.5399933 22.5117645
64.5800018 22.4641094
64.6199951 22.4519997
64.6600037 22.3855267
64.6999969 22.3780575
64.7400055 22.3916512
64.7799988 22.2934895
64.8199997 22.3305683
64.8600006 22.3282814
64.8999939 22.3098507
64.9400024 22.2338562
64.9799957 22.1536064
65.0200043 22.1397018
65.0599976 22.1038971
65.1000061 22.0419502
65.1399994 22.0848541
65.1800003 21.9942703
65.2200012 22.0260391
65.2599945 22.0017185
65.3000031 21.9996834
65.3399963 21.9312325
65.3800049 21.8705616
65.4199982 21.9409256
65.4600067 21.8440437
65.5 21.8264046
65.5399933 21.7332478
65.5800018 21.6661835
65.6199951 21.5508881
65.6600037 21.4830971
65.6999969 21.4092541
65.7400055 21.2549763
65.7799988 21.2388802
65.8199997 21.1970596
65.8600006 21.1079826
65.8999939 21.0041161
65.9400024 20.9643669
65.9799957 20.8452435
66.0200043 20.8105907
66.0599976 20.7721386
66.1000061 20.660223
66.1399994 20.6592178
66.1800003 20.6141891
66.2200012 20.5797539
66.2599945 20.4515285
66.3000031 20.4431839
66.3399963 20.3977242
66.3800049 20.3248463
66.4199982 20.3762932
66.4600067 20.2670116
66.5 20.1890335
66.5399933 20.2167892
66.5800018 20.2571468
66.6199951 20.1313877
66.6600037 20.1045418
66.6999969 20.0972538
66.7400055 20.0551872
66.7799988 20.0060997
66.8199997 19.9973087
66.8600006 19.9335804
66.8999939 19.947073
66.9400024 19.8496132
66.9799957 19.8891811
67.0200043 19.8091316
67.0599976 19.8658066
67.1000061 19.7872982
67.1399994 19.8170395
67.1800003 19.7915115
67.2200012 19.8063774
67.2599945 19.7954063
67.3000031 19.7613068
67.3399963 19.7492752
67.3800049 19.7648754
67.4199982 19.7289391
67.4600067 19.7513256
67.5 19.7450352
67.5399933 19.6742592
67.5800018 19.6077576
67.6199951 19.6424389
67.6600037 19.5682545
67.6999969 19.5501366
67.7400055 19.479126
67.7799988 19.4650917
67.8199997 19.390913
67.8600006 19.3214874
67.8999939 19.2287598
67.9400024 19.2204609
67.9799957 19.1732483
68.0200043 19.1160259
68.0599976 19.016468
68.1000061 19.0290356
68.1399994 18.9510689
68.1800003 18.9223232
68.2200012 18.8375473
68.2599945 18.8091812
68.3000031 18.7220707
68.3399963 18.6479321
68.3800049 18.6075401
68.4199982 18.5489769
68.4600067 18.5067291
68.5 18.3906059
68.5399933 18.3837509
68.5800018 18.3698616
68.6199951 18.2953053
68.6600037 18.2792606
68.6999969 18.2755852
68.7400055 18.2181168
68.7799988 18.2352695
68.8199997 18.1985531
68.8600006 18.1094437
68.8999939 18.1002388
68.9400024 18.018362
68.9799957 18.03549
69.0200043 18.0303612
69.0599976 17.9278336
69.1000061 17.8884811
69.1399994 17.7345943
69.1800003 17.7312374
69.2200012 17.6765881
69.2599945 17.6132526
69.3000031 17.5023518
69.3399963 17.5080299
69.3800049 17.4209843
69.4199982 17.3329792
69.4600067 17.2938709
69.5 17.2415047
69.5399933 17.1624832
69.5800018 17.0967674
69.6199951 17.1101532
69.6600037 16.9770069
69.6999969 16.9619503
69.7400055 16.923214
69.7799988 16.8422585
69.8199997 16.8207283
69.8600006 16.7099609
69.8999939 16.6779137
69.9400024 16.6255665
69.9799957 16.5849571
70.0200043 16.5182667
70.0599976 16.5078011
70.1000061 16.5265656
70.1399994 16.514534
70.1800003 16.4290123
70.2200012 16.4233208
70.2599945 16.3700638
70.3000031 16.3857422
70.3399963 16.312397
70.3800049 16.2583523
70.4199982 16.2667713
70.4600067 16.2646446
70.5 16.2121372
70.5399933 16.0931358
70.5800018 16.0626698
70.6199951 16.0472698
70.6600037 15.9922094
70.6999969 15.8528786
70.7400055 15.822938
70.7799988 15.7482786
70.8199997 15.7040567
70.8600006 15.6129398
70.8999939 15.5167723
70.9400024 15.5202522
70.9799957 15.4290352
71.0200043 15.3521566
71.0599976 15.3707113
71.1000061 15.374568
71.1399994 15.3609343
71.1800003 15.3009224
71.2200012 15.3218279
71.2599945 15.3490477
71.3000031 15.2760935
71.3399963 15.3148108
71.3800049 15.2850332
71.4199982 15.2551279
71.4600067 15.2750902
71.5 15.2513504
71.5399933 15.2520218
71.5800018 15.2466984
71.6199951 15.2157812
71.6600037 15.225337
71.6999969 15.1728191
71.7400055 15.1963339
71.7799988 15.1822014
71.8199997 15.1157951
71.8600006 15.1570034
71.8999939 15.1308985
71.9400024 15.103158
71.9799957 15.1153002
72.0200043 15.0601921
72.0599976 15.026
72.1000061 15.0049591
72.1399994 14.9977551
72.1800003 14.9789076
72.2200012 14.9533386
72.2599945 14.9233055
72.3000031 14.9091606
72.3399963 14.8667393
72.3800049 14.8235073
72.4199982 14.8256512
72.4600067 14.7371244
72.5 14.7671127
72.5399933 14.6890945
72.5800018 14.6754646
72.6199951 14.6706295
72.6600037 14.6255064
72.6999969 14.6194572
72.7400055 14.6265774
72.7799988 14.5300589
72.8199997 14.5111399
72.8600006 14.5185137
72.8999939 14.4748526
72.9400024 14.4405718
72.9799957 14.4527264
73.0200043 14.3962708
73.0599976 14.3513546
73.1000061 14.3198385
73.1399994 14.2987576
73.1800003 14.2887888
73.2200012 14.275527
73.2599945 14.2278223
73.3000031 14.2345562
73.3399963 14.1815567
73.3800049 14.1602221
73.4199982 14.1102715
73.4600067 14.0993223
73.5 14.0080404
73.5399933 14.0129585
73.5800018 14.0127163
73.6199951 13.9477959
73.6600037 13.933054
73.6999969 13.8926849
73.7400055 13.8869505
73.7799988 13.8374596
73.8199997 13.7961473
73.8600006 13.7819471
73.8999939 13.7935152
73.9400024 13.7675209
73.9799957 13.686224
74.0200043 13.6639528
74.0599976 13.6378317
74.1000061 13.6050081
74.1399994 13.5886393
74.1800003 13.5815516
74.2200012 13.5188217
74.2599945 13.4962759
74.3000031 13.4859753
74.3399963 13.4539289
74.3800049 13.3832703
74.4199982 13.4027567
74.4600067 13.3736134
74.5 13.3223028
74.5399933 13.3031349
74.5800018 13.2957191
74.6199951 13.2390423
74.6600037 13.2019567
74.6999969 13.2040577
74.7400055 13.1919765
74.7799988 13.1558084
74.8199997 13.1195154
74.8600006 13.0936871
74.8999939 13.0207386
74.9400024 13.020628
74.9799957 13.0126801
75.0200043 13.003643
75.0599976 12.9200706
75.1000061 12.9592905
75.1399994 12.956768
75.1800003 12.9063425
75.2200012 12.9006319
75.2599945 12.9136581
75.3000031 12.9012957
75.3399963 12.8929634
75.3800049 12.8920937
75.4199982 12.8807983
75.4600067 12.8648291
75.5 12.8555374
75.5399933 12.8018227
75.5800018 12.8049059
75.6199951 12.7945089
75.6600037 12.7912731
75.6999969 12.8482075
75.7400055 12.8225641
75.7799988 12.8081102
75.8199997 12.788517
75.8600006 12.7699003
75.8999939 12.7934313
75.9400024 12.8300085
75.9799957 12.7773495
76.0200043 12.7482138
76.0599976 12.7196884
76.1000061 12.6572676
76.1399994 12.7070513
76.1800003 12.6707363
76.2200012 12.579608
76.2599945 12.6053276
76.3000031 12.5448513
76.3399963 12.5416155
76.3800049 12.5441904
76.4199982 12.4857502
76.4600067 12.4767475
76.5 12.4251013
76.5399933 12.4217873
76.5800018 12.4079638
76.6199951 12.3254118
76.6600037 12.296874
76.6999969 12.3000021
76.7400055 12.2684879
76.7799988 12.2340622
76.8199997 12.2095823
76.8600006 12.1745014
76.8999939 12.0965185
76.9400024 12.1207628
76.9799957 12.1080227
77.0200043 12.030014
77.0599976 11.9534044
77.1000061 11.9383049
77.1399994 11.8488293
77.1800003 11.8308716
77.2200012 11.7453728
77.2599945 11.7036314
77.3000031 11.647665
77.3399963 11.6332407
77.3800049 11.5490112
77.4199982 11.4912443
77.4600067 11.4588232
77.5 11.3919621
77.5399933 11.3725109
77.5800018 11.3161879
77.6199951 11.2784042
77.6600037 11.2112942
77.6999969 11.1652155
77.7400055 11.1574602
77.7799988 11.0958223
77.8199997 11.0259333
77.8600006 10.9941359
77.8999939 10.9354954
77.9400024 10.9299831
77.9799957 10.8841419
78.0200043 10.7433939
78.0599976 10.5282125
78.1000061 10.3655481
78.1399994 10.1651983
78.1800003 10.0125904
78.2200012 9.8401432
78.2599945 9.64121914
78.3000031 9.43963242
78.3399963 9.26608658
78.3800049 9.08836174
78.4199982 8.5742588
78.4600067 7.92614841
78.5 7.26036167
78.5399933 6.84033298
78.5800018 6.39996243
78.6199951 5.96396542
78.6600037 5.53656864
78.6999969 5.10116434
78.7400055 4.65876198
78.7799988 4.21960211
78.8199997 3.80118847
78.8600006 3.35854006
78.8999939 2.917068
78.9400024 2.48754072
78.9799957 2.05327344
79.0200043 1.82366073
79.0599976 1.80551672
79.1000061 1.79238474
79.1399994 1.77526927
79.1800003 1.76160777
79.2200012 1.73652482
79.2599945 1.71854699
79.3000031 1.70300257
79.3399963 1.68818831
79.3800049 1.66949463
79.4199982 1.6525631
79.4600067 1.63757956
79.5 1.61148059
79.5399933 1.61645722
79.5800018 1.60777462
79.6199951 1.61042941
79.6600037 1.60572231
79.6999969 1.60517895
79.7400055 1.60135269
79.7799988 1.60366178
79.8199997 1.59504497
79.8600006 1.59524119
79.8999939 1.59667718
79.9400024 1.58897126
79.9799957 1.5910753
80.0200043 0
80.0599976 0
80.1000061 0
80.1399994 0
80.1800003 0
80.2200012 0
80.2599945 0
80.3000031 0
80.3399963 0
80.3800049 0
80.4199982 0
80.4600067 0
80.5 0
80.5399933 0
80.5800018 0
80.6199951 0
80.6600037 0
80.6999969 0
80.7400055 0
80.7799988 0
80.8199997 0
80.8600006 0
80.8999939 0
80.9400024 0
80.9799957 0
81.0200043 0
81.0599976 0
81.1000061 0
81.1399994 0
81.1800003 0
81.2200012 0
81.2599945 0
81.3000031 0
81.3399963 0
81.3800049 0
81.4199982 0
81.4600067 0
81.5 0
81.5399933 0
81.5800018 0
81.6199951 0
81.6600037 0
81.6999969 0
81.7400055 0
81.7799988 0
81.8199997 0
81.8600006 0
81.8999939 0
81.9400024 0
81.9799957 0
82.0200043 0
82.0599976 0
82.1000061 0
82.1399994 0
82.1800003 0
82.2200012 0
82.2599945 0
82.3000031 0
82.3399963 0
82.3800049 0
82.4199982 0
82.4600067 0
82.5 0
82.5399933 0
82.5800018 0
82.6199951 0
82.6600037 0
82.6999969 0
82.7400055 0
82.7799988 0
82.8199997 0
82.8600006 0
82.8999939 0
82.9400024 0
82.9799957 0
83.0200043 0
83.0599976 0
83.1000061 0
83.1399994 0
83.1800003 0
83.2200012 0
83.2599945 0
83.3000031 0
83.3399963 0
83.3800049 0
83.4199982 0
83.4600067 0
83.5 0
83.5399933 0
83.5800018 0
83.6199951 0
83.6600037 0
83.6999969 0
83.7400055 0
83.7799988 0
83.8199997 0
83.8600006 0
83.8999939 0
83.9400024 0
83.9799957 0
84.0200043 0
84.0599976 0
84.1000061 0
84.1399994 0
84.1800003 0
84.2200012 0
84.2599945 0
84.3000031 0
84.3399963 0
84.3800049 0
84.4199982 0
84.4600067 0
84.5 0
84.5399933 0
84.5800018 0
84.6199951 0
84.6600037 0
84.6999969 0
84.7400055 0
84.7799988 0
84.8199997 0
84.8600006 0
84.8999939 0
84.9400024 0
84.9799957 0
85.0200043 0
85.0599976 0
85.1000061 0
85.1399994 0
85.1800003 0
85.2200012 0
85.2599945 0
85.3000031 0
85.3399963 0
85.3800049 0
85.4199982 0
85.4600067 0
85.5 0
85.5399933 0
85.5800018 0
85.6199951 0
85.6600037 0
85.6999969 0
85.7400055 0
85.7799988 0
85.8199997 0
85.8600006 0
85.8999939 0
85.9400024 0
85.9799957 0
86.0200043 0
86.0599976 0
86.1000061 0
86.1399994 0
86.1800003 0
86.2200012 0
86.2599945 0
86.3000031 0
86.3399963 0
86.3800049 0
86.4199982 0
86.4600067 0
86.5 0
86.5399933 0
86.5800018 0
86.6199951 0
86.6600037 0
86.6999969 0
86.7400055 0
86.7799988 0
86.8199997 0
86.8600006 0
86.8999939 0
86.9400024 0
86.9799957 0
87.0200043 0
87.0599976 0
87.1000061 0
87.1399994 0
87.1800003 0
87.2200012 0
87.2599945 0
87.3000031 0
87.3399963 0
87.3800049 0
87.4199982 0
87.4600067 0
87.5 0
87.5399933 0
87.5800018 0
87.6199951 0
87.6600037 0
87.6999969 0
87.7400055 0
87.7799988 0
87.8199997 0
87.8600006 0
87.8999939 0
87.9400024 0
87.9799957 0
88.0200043 0
88.0599976 0
88.1000061 0
88.1399994 0
88.1800003 0
88.2200012 0
88.2599945 0
88.3000031 0
88.3399963 0
88.3800049 0
88.4199982 0
88.4600067 0
88.5 0
88.5399933 0
88.5800018 0
88.6199951 0
88.6600037 0
88.6999969 0
88.7400055 0
88.7799988 0
88.8199997 0
88.8600006 0
88.8999939 0
88.9400024 0
88.9799957 0
89.0200043 0
89.0599976 0
89.1000061 0
89.1399994 0
89.1800003 0
89.2200012 0
89.2599945 0
89.3000031 0
89.3399963 0
89.3800049 0
89.4199982 0
89.4600067 0
89.5 0
89.5399933 0
89.5800018 0
89.6199951 0
89.6600037 0
89.6999969 0
89.7400055 0
89.7799988 0
89.8199997 0
89.8600006 0
89.8999939 0
89.9400024 0
89.9799957 0
90.0200043 0
90.0599976 0
90.1000061 0
90.1399994 0
90.1800003 0
90.2200012 0
90.2599945 0
90.3000031 0
90.3399963 0
90.3800049 0
90.4199982 0
90.4600067 0
90.5 0
90.5399933 0
90.5800018 0
90.6199951 0
90.6600037 0
90.6999969 0
90.7400055 0
90.7799988 0
90.8199997 0
90.8600006 0
90.8999939 0
90.9400024 0
90.9799957 0
91.0200043 0
91.0599976 0
91.1000061 0
91.1399994 0
91.1800003 0
91.2200012 0
91.2599945 0
91.3000031 0
91.3399963 0
91.3800049 0
91.4199982 0
91.4600067 0
91.5 0
91.5399933 0
91.5800018 0
91.6199951 0
91.6600037 0
91.6999969 0
91.7400055 0
91.7799988 0
91.8199997 0
91.8600006 0
91.8999939 0
91.9400024 0
91.9799957 0
92.0200043 0
92.0599976 0
92.1000061 0
92.1399994 0
92.1800003 0
92.2200012 0
92.2599945 0
92.3000031 0
92.3399963 0
92.3800049 0
92.4199982 0
92.4600067 0
92.5 0
92.5399933 0
92.5800018 0
92.6199951 0
92.6600037 0
92.6999969 0
92.7400055 0
92.7799988 0
92.8199997 0
92.8600006 0
92.8999939 0
92.9400024 0
92.9799957 0
93.0200043 0
93.0599976 0
93.1000061 0
93.1399994 0
93.1800003 0
93.2200012 0
93.2599945 0
93.3000031 0
93.3399963 0
93.3800049 0
93.4199982 0
93.4600067 0
93.5 0
93.5399933 0
93.5800018 0
93.6199951 0
93.6600037 0
93.6999969 0
93.7400055 0
93.7799988 0
93.8199997 0
93.8600006 0
93.8999939 0
93.9400024 0
93.9799957 0
94.0200043 0
94.0599976 0
94.1000061 0
94.1399994 0
94.1800003 0
94.2200012 0
94.2599945 0
94.3000031 0
94.3399963 0
94.3800049 0
94.4199982 0
94.4600067 0
94.5 0
94.5399933 0
94.5800018 0
94.6199951 0
94.6600037 0
94.6999969 0
94.7400055 0
94.7799988 0
94.8199997 0
94.8600006 0
94.8999939 0
94.9400024 0
94.9799957 0
95.0200043 0
95.0599976 0
95.1000061 0
95.1399994 0
95.1800003 0
95.2200012 0
95.2599945 0
95.3000031 0
95.3399963 0
95.3800049 0
95.4199982 0
95.4600067 0
95.5 0
95.5399933 0
95.5800018 0
95.6199951 0
95.6600037 0
95.6999969 0
95.7400055 0
95.7799988 0
95.8199997 0
95.8600006 0
95.8999939 0
95.9400024 0
95.9799957 0
96.0200043 0
96.0599976 0
96.1000061 0
96.1399994 0
96.1800003 0
96.2200012 0
96.2599945 0
96.3000031 0
96.3399963 0
96.3800049 0
96.4199982 0
96.4600067 0
96.5 0
96.5399933 0
96.5800018 0
96.6199951 0
96.6600037 0
96.6999969 0
96.7400055 0
96.7799988 0
96.8199997 0
96.8600006 0
96.8999939 0
96.9400024 0
96.9799957 0
97.0200043 0
97.0599976 0
97.1000061 0
97.1399994 0
97.1800003 0
97.2200012 0
97.2599945 0
97.3000031 0
97.3399963 0
97.3800049 0
97.4199982 0
97.4600067 0
97.5 0
97.5399933 0
97.5800018 0
97.6199951 0
97.6600037 0
97.6999969 0
97.7400055 0
97.7799988 0
97.8199997 0
97.8600006 0
97.8999939 0
97.9400024 0
97.9799957 0
98.0200043 0
98.0599976 0
98.1000061 0
98.1399994 0
98.1800003 0
98.2200012 0
98.2599945 0
98.3000031 0
98.3399963 0
98.3800049 0
98.4199982 0
98.4600067 0
98.5 0
98.5399933 0
98.5800018 0
98.6199951 0
98.6600037 0
98.6999969 0
98.7400055 0
98.7799988 0
98.8199997 0
98.8600006 0
98.8999939 0
98.9400024 0
98.9799957 0
99.0200043 0
99.0599976 0
99.1000061 0
99.1399994 0
99.1800003 0
99.2200012 0
99.2599945 0
99.3000031 0
99.3399963 0
99.3800049 0
99.4199982 0
99.4600067 0
99.5 0
99.5399933 0
99.5800018 0
99.6199951 0
99.6600037 0
99.6999969 0
99.7400055 0
99.7799988 0
99.8199997 0
99.8600006 0
99.8999939 0
99.9400024 0
99.9799957 0
100.020004 0
100.059998 0
100.100006 0
100.139999 0
100.18 0
100.220001 0
100.259995 0
100.300003 0
100.339996 0
100.380005 0
100.419998 0
100.460007 0
100.5 0
100.539993 0
100.580002 0
100.619995 0
100.660004 0
100.699997 0
100.740005 0
100.779999 0
100.82 0
100.860001 0
100.899994 0
100.940002 0
100.979996 0
101.020004 0
101.059998 0
101.100006 0
101.139999 0
101.18 0
101.220001 0
101.259995 0
101.300003 0
101.339996 0
101.380005 0
101.419998 0
101.460007 0
101.5 0
101.539993 0
101.580002 0
101.619995 0
101.660004 0
101.699997 0
101.740005 0
101.779999 0
101.82 0
101.860001 0
101.899994 0
101.940002 0
101.979996 0
102.020004 0
102.059998 0
102.100006 0
102.139999 0
102.18 0
102.220001 0
102.259995 0
102.300003 0
102.339996 0
102.380005 0
102.419998 0
102.460007 0
102.5 0
102.539993 0
102.580002 0
102.619995 0
102.660004 0
102.699997 0
102.740005 0
102.779999 0
102.82 0
102.860001 0
102.899994 0
102.940002 0
102.979996 0
103.020004 0
103.059998 0
103.100006 0
103.139999 0
103.18 0
103.220001 0
103.259995 0
103.300003 0
103.339996 0
103.380005 0
103.419998 0
103.460007 0
103.5 0
103.539993 0
103.580002 0
103.619995 0
103.660004 0
103.699997 0
103.740005 0
103.779999 0
103.82 0
103.860001 0
103.899994 0
103.940002 0
103.979996 0
104.020004 0
104.059998 0
104.100006 0
104.139999 0
104.18 0
104.220001 0
104.259995 0
104.300003 0
104.339996 0
104.380005 0
104.419998 0
104.460007 0
104.5 0
104.539993 0
104.580002 0
104.619995 0
104.660004 0
104.699997 0
104.740005 0
104.779999 0
104.82 0
104.860001 0
104.899994 0
104.940002 0
104.979996 0
105.020004 0
105.059998 0
105.100006 0
105.139999 0
105.18 0
105.220001 0
105.259995 0
105.300003 0
105.339996 0
105.380005 0
105.419998 0
105.460007 0
105.5 0
105.539993 0
105.580002 0
105.619995 0
105.660004 0
105.699997 0
105.740005 0
105.779999 0
105.82 0
105.860001 0
105.899994 0
105.940002 0
105.979996 0
106.020004 0
106.059998 0
106.100006 0
106.139999 0
106.18 0
106.220001 0
106.259995 0
106.300003 0
106.339996 0
106.380005 0
106.419998 0
106.460007 0
106.5 0
106.539993 0
106.580002 0
106.619995 0
106.660004 0
106.699997 0
106.740005 0
106.779999 0
106.82 0
106.860001 0
106.899994 0
106.940002 0
106.979996 0
107.020004 0
107.059998 0
107.100006 0
107.139999 0
107.18 0
107.220001 0
107.259995 0
107.300003 0
107.339996 0
107.380005 0
107.419998 0
107.460007 0
107.5 0
107.539993 0
107.580002 0
107.619995 0
107.660004 0
107.699997 0
107.740005 0
107.779999 0
107.82 0
107.860001 0
107.899994 0
107.940002 0
107.979996 0
108.020004 0
108.059998 0
108.100006 0
108.139999 0
108.18 0
108.220001 0
108.259995 0
108.300003 0
108.339996 0
108.380005 0
108.419998 0
108.460007 0
108.5 0
108.539993 0
108.580002 0
108.619995 0
108.660004 0
108.699997 0
108.740005 0
108.779999 0
108.82 0
108.860001 0
108.899994 0
108.940002 0
108.979996 0
109.020004 0
109.059998 0
109.100006 0
109.139999 0
109.18 0
109.220001 0
109.259995 0
109.300003 0
109.339996 0
109.380005 0
109.419998 0
109.460007 0
109.5 0
109.539993 0
109.580002 0
109.619995 0
109.660004 0
109.699997 0
109.740005 0
109.779999 0
109.82 0
109.860001 0
109.899994 0
109.940002 0
109.979996 0
110.020004 0
110.059998 0
110.100006 0
110.139999 0
110.18 0
110.220001 0
110.259995 0
110.300003 0
110.339996 0
110.380005 0
110.419998 0
110.460007 0
110.5 0
110.539993 0
110.580002 0
110.619995 0
110.660004 0
110.699997 0
110.740005 0
110.779999 0
110.82 0
110.860001 0
110.899994 0
110.940002 0
110.979996 0
111.020004 0
111.059998 0
111.100006 0
111.139999 0
111.18 0
111.220001 0
111.259995 0
111.300003 0
111.339996 0
111.380005 0
111.419998 0
111.460007 0
111.5 0
111.539993 0
111.580002 0
111.619995 0
111.660004 0
111.699997 0
111.740005 0
111.779999 0
111.82 0
111.860001 0
111.899994 0
111.940002 0
111.979996 0
112.020004 0
112.059998 0
112.100006 0
112.139999 0
112.18 0
112.220001 0
112.259995 0
112.300003 0
112.339996 0
112.380005 0
112.419998 0
112.460007 0
112.5 0
112.539993 0
112.580002 0
112.619995 0
112.660004 0
112.699997 0
112.740005 0
112.779999 0
112.82 0
112.860001 0
112.899994 0
112.940002 0
112.979996 0
113.020004 0
113.059998 0
113.100006 0
113.139999 0
113.18 0
113.220001 0
113.259995 0
113.300003 0
113.339996 0
113.380005 0
113.419998 0
113.460007 0
113.5 0
113.539993 0
113.580002 0
113.619995 0
113.660004 0
113.699997 0
113.740005 0
113.779999 0
113.82 0
113.860001 0
113.899994 0
113.940002 0
113.979996 0
114.020004 0
114.059998 0
114.100006 0
114.139999 0
114.18 0
114.220001 0
114.259995 0
114.300003 0
114.339996 0
114.380005 0
114.419998 0
114.460007 0
114.5 0
114.539993 0
114.580002 0
114.619995 0
114.660004 0
114.699997 0
114.740005 0
114.779999 0
114.82 0
114.860001 0
114.899994 0
114.940002 0
114.979996 0
115.020004 0
115.059998 0
115.100006 0
115.139999 0
115.18 0
115.220001 0
115.259995 0
115.300003 0
115.339996 0
115.380005 0
115.419998 0
115.460007 0
115.5 0
115.539993 0
115.580002 0
115.619995 0
115.660004 0
115.699997 0
115.740005 0
115.779999 0
115.82 0
115.860001 0
115.899994 0
115.940002 0
115.979996 0
116.020004 0
116.059998 0
116.100006 0
116.139999 0
116.18 0
116.220001 0
116.259995 0
116.300003 0
116.339996 0
116.380005 0
116.419998 0
116.460007 0
116.5 0
116.539993 0
116.580002 0
116.619995 0
116.660004 0
116.699997 0
116.740005 0
116.779999 0
116.82 0
116.860001 0
116.899994 0
116.940002 0
116.979996 0
117.020004 0
117.059998 0
117.100006 0
117.139999 0
117.18 0
117.220001 0
117.259995 0
117.300003 0
117.339996 0
117.380005 0
117.419998 0
117.460007 0
117.5 0
117.539993 0
117.580002 0
117.619995 0
117.660004 0
117.699997 0
117.740005 0
117.779999 0
117.82 0
117.860001 0
117.899994 0
117.940002 0
117.979996 0
118.020004 0
118.059998 0
118.100006 0
118.139999 0
118.18 0
118.220001 0
118.259995 0
118.300003 0
118.339996 0
118.380005 0
118.419998 0
118.460007 0
118.5 0
118.539993 0
118.580002 0
118.619995 0
118.660004 0
118.699997 0
118.740005 0
118.779999 0
118.82 0
118.860001 0
118.899994 0
118.940002 0
118.979996 0
119.020004 0
119.059998 0
119.100006 0
119.139999 0
119.18 0
119.220001 0
119.259995 0
119.300003 0
119.339996 0
119.380005 0
119.419998 0
119.460007 0
119.5 0
119.539993 0
119.580002 0
119.619995 0
119.660004 0
119.699997 0
119.740005 0
119.779999 0
119.82 0
119.860001 0
119.899994 0
119.940002 0
119.979996 0
120.020004 0
120.059998 0
120.100006 0
120.139999 0
120.18 0
120.220001 0
120.259995 0
120.300003 0
120.339996 0
120.380005 0
120.419998 0
120.460007 0
120.5 0
120.539993 0
120.580002 0
120.619995 0
120.660004 0
120.699997 0
120.740005 0
120.779999 0
120.82 0
120.860001 0
120.899994 0
120.940002 0
120.979996 0
121.020004 0
121.059998 0
121.100006 0
121.139999 0
121.18 0
121.220001 0
121.259995 0
121.300003 0
121.339996 0
121.380005 0
121.419998 0
121.460007 0
121.5 0
121.539993 0
121.580002 0
121.619995 0
121.660004 0
121.699997 0
121.740005 0
121.779999 0
121.82 0
121.860001 0
121.899994 0
121.940002 0
121.979996 0
122.020004 0
122.059998 0
122.100006 0
122.139999 0
122.18 0
122.220001 0
122.259995 0
122.300003 0
122.339996 0
122.380005 0
122.419998 0
122.460007 0
122.5 0
122.539993 0
122.580002 0
122.619995 0
122.660004 0
122.699997 0
122.740005 0
122.779999 0
122.82 0
122.860001 0
122.899994 0
122.940002 0
122.979996 0
123.020004 0
123.059998 0
123.100006 0
123.139999 0
123.18 0
123.220001 0
123.259995 0
123.300003 0
123.339996 0
123.380005 0
123.419998 0
123.460007 0
123.5 0
123.539993 0
123.580002 0
123.619995 0
123.660004 0
123.699997 0
123.740005 0
123.779999 0
123.82 0
123.860001 0
123.899994 0
123.940002 0
123.979996 0
124.020004 0
124.059998 0
124.100006 0
124.139999 0
124.18 0
124.220001 0
124.259995 0
124.300003 0
124.339996 0
124.380005 0
124.419998 0
124.460007 0
124.5 0
124.539993 0
124.580002 0
124.619995 0
124.660004 0
124.699997 0
124.740005 0
124.779999 0
124.82 0
124.860001 0
124.899994 0
124.940002 0
124.979996 0
125.020004 0
125.059998 0
125.100006 0
125.139999 0
125.18 0
125.220001 0
125.259995 0
125.300003 0
125.339996 0
125.380005 0
125.419998 0
125.460007 0
125.5 0
125.539993 0
125.580002 0
125.619995 0
125.660004 0
125.699997 0
125.740005 0
125.779999 0
125.82 0
125.860001 0
125.899994 0
125.940002 0
125.979996 0
126.020004 0
126.059998 0
126.100006 0
126.139999 0
126.18 0
126.220001 0
126.259995 0
126.300003 0
126.339996 0
126.380005 0
126.419998 0
126.460007 0
126.5 0
126.539993 0
126.580002 0
126.619995 0
126.660004 0
126.699997 0
126.740005 0
126.779999 0
126.82 0
126.860001 0
126.899994 0
126.940002 0
126.979996 0
127.020004 0
127.059998 0
127.100006 0
127.139999 0
127.18 0
127.220001 0
127.259995 0
127.300003 0
127.339996 0
127.380005 0
127.419998 0
127.460007 0
127.5 0
127.539993 0
127.580002 0
127.619995 0
127.660004 0
127.699997 0
127.740005 0
127.779999 0
127.82 0
127.860001 0
127.899994 0
127.940002 0
127.979996 0
128.019989 0
128.059998 0
128.100006 0
128.139999 0
128.179993 0
128.220001 0
128.26001 0
128.300003 0
128.339996 0
128.380005 0
128.419998 0
128.459991 0
128.5 0
128.540009 0
128.580002 0
128.619995 0
128.660004 0
128.699997 0
128.73999 0
128.779999 0
128.820007 0
128.860001 0
128.899994 0
128.940002 0
128.980011 0
129.019989 0
129.059998 0
129.100006 0
129.139999 0
129.179993 0
129.220001 0
129.26001 0
129.300003 0
129.339996 0
129.380005 0
129.419998 0
129.459991 0
129.5 0
129.540009 0
129.580002 0
129.619995 0
129.660004 0
129.699997 0
129.73999 0
129.779999 0
129.820007 0
129.860001 0
129.899994 0
129.940002 0
129.980011 0
130.019989 0
130.059998 0
130.100006 0
130.139999 0
130.179993 0
130.220001 0
130.26001 0
130.300003 0
130.339996 0
130.380005 0
130.419998 0
130.459991 0
130.5 0
130.540009 0
130.580002 0
130.619995 0
130.660004 0
130.699997 0
130.73999 0
130.779999 0
130.820007 0
130.860001 0
130.899994 0
130.940002 0
130.980011 0
131.019989 0
131.059998 0
131.100006 0
131.139999 0
131.179993 0
131.220001 0
131.26001 0
131.300003 0
131.339996 0
131.380005 0
131.419998 0
131.459991 0
131.5 0
131.540009 0
131.580002 0
131.619995 0
131.660004 0
131.699997 0
131.73999 0
131.779999 0
131.820007 0
131.860001 0
131.899994 0
131.940002 0
131.980011 0
132.019989 0
132.059998 0
132.100006 0
132.139999 0
132.179993 0
132.220001 0
132.26001 0
132.300003 0
132.339996 0
132.380005 0
132.419998 0
132.459991 0
132.5 0
132.540009 0
132.580002 0
132.619995 0
132.660004 0
132.699997 0
132.73999 0
132.779999 0
132.820007 0
132.860001 0
132.899994 0
132.940002 0
132.980011 0
133.019989 0
133.059998 0
133.100006 0
133.139999 0
133.179993 0
133.220001 0
133.26001 0
133.300003 0
133.339996 0
133.380005 0
133.419998 0
133.459991 0
133.5 0
133.540009 0
133.580002 0
133.619995 0
133.660004 0
133.699997 0
133.73999 0
133.779999 0
133.820007 0
133.860001 0
133.899994 0
133.940002 0
133.980011 0
134.019989 0
134.059998 0
134.100006 0
134.139999 0
134.179993 0
134.220001 0
134.26001 0
134.300003 0
134.339996 0
134.380005 0
134.419998 0
134.459991 0
134.5 0
134.540009 0
134.580002 0
134.619995 0
134.660004 0
134.699997 0
134.73999 0
134.779999 0
134.820007 0
134.860001 0
134.899994 0
134.940002 0
134.980011 0
135.019989 0
135.059998 0
135.100006 0
135.139999 0
135.179993 0
135.220001 0
135.26001 0
135.300003 0
135.339996 0
135.380005 0
135.419998 0
135.459991 0
135.5 0
135.540009 0
135.580002 0
135.619995 0
135.660004 0
135.699997 0
135.73999 0
135.779999 0
135.820007 0
135.860001 0
135.899994 0
135.940002 0
135.980011 0
136.019989 0
136.059998 0
136.100006 0
136.139999 0
136.179993 0
136.220001 0
136.26001 0
136.300003 0
136.339996 0
136.380005 0
136.419998 0
136.459991 0
136.5 0
136.540009 0
136.580002 0
136.619995 0
136.660004 0
136.699997 0
136.73999 0
136.779999 0
136.820007 0
136.860001 0
136.899994 0
136.940002 0
136.980011 0
137.019989 0
137.059998 0
137.100006 0
137.139999 0
137.179993 0
137.220001 0
137.26001 0
137.300003 0
137.339996 0
137.380005 0
137.419998 0
137.459991 0
137.5 0
137.540009 0
137.580002 0
137.619995 0
137.660004 0
137.699997 0
137.73999 0
137.779999 0
137.820007 0
137.860001 0
137.899994 0
137.940002 0
137.980011 0
138.019989 0
138.059998 0
138.100006 0
138.139999 0
138.179993 0
138.220001 0
138.26001 0
138.300003 0
138.339996 0
138.380005 0
138.419998 0
138.459991 0
138.5 0
138.540009 0
138.580002 0
138.619995 0
138.660004 0
138.699997 0
138.73999 0
138.779999 0
138.820007 0
138.860001 0
138.899994 0
138.940002 0
138.980011 0
139.019989 0
139.059998 0
139.100006 0
139.139999 0
139.179993 0
139.220001 0
139.26001 0
139.300003 0
139.339996 0
139.380005 0
139.419998 0
139.459991 0
139.5 0
139.540009 0
139.580002 0
139.619995 0
139.660004 0
139.699997 0
139.73999 0
139.779999 0
139.820007 0
139.860001 0
139.899994 0
139.940002 0
139.980011 0
140.019989 0
140.059998 0
140.100006 0
140.139999 0
140.179993 0
140.220001 0
140.26001 0
140.300003 0
140.339996 0
140.380005 0
140.419998 0
140.459991 0
140.5 0
140.540009 0
140.580002 0
140.619995 0
140.660004 0
140.699997 0
140.73999 0
140.779999 0
140.820007 0
140.860001 0
140.899994 0
140.940002 0
140.980011 0
141.019989 0
141.059998 0
141.100006 0
141.139999 0
141.179993 0
141.220001 0
141.26001 0
141.300003 0
141.339996 0
141.380005 0
141.419998 0
141.459991 0
141.5 0
141.540009 0
141.580002 0
141.619995 0
141.660004 0
141.699997 0
141.73999 0
141.779999 0
141.820007 0
141.860001 0
141.899994 0
141.940002 0
141.980011 0
142.019989 0
142.059998 0
142.100006 0
142.139999 0
142.179993 0
142.220001 0
142.26001 0
142.300003 0
142.339996 0
142.380005 0
142.419998 0
142.459991 0
142.5 0
142.540009 0
142.580002 0
142.619995 0
142.660004 0
142.699997 0
142.73999 0
142.779999 0
142.820007 0
142.860001 0
142.899994 0
142.940002 0
142.980011 0
143.019989 0
143.059998 0
143.100006 0
143.139999 0
143.179993 0
143.220001 0
143.26001 0
143.300003 0
143.339996 0
143.380005 0
143.419998 0
143.459991 0
143.5 0
143.540009 0
143.580002 0
143.619995 0
143.660004 0
143.699997 0
143.73999 0
143.779999 0
143.820007 0
143.860001 0
143.899994 0
143.940002 0
143.980011 0
144.019989 0
144.059998 0
144.100006 0
144.139999 0
144.179993 0
144.220001 0
144.26001 0
144.300003 0
144.339996 0
144.380005 0
144.419998 0
144.459991 0
144.5 0
144.540009 0
144.580002 0
144.619995 0
144.660004 0
144.699997 0
144.73999 0
144.779999 0
144.820007 0
144.860001 0
144.899994 0
144.940002 0
144.980011 0
145.019989 0
145.059998 0
145.100006 0
145.139999 0
145.179993 0
145.220001 0
145.26001 0
145.300003 0
145.339996 0
145.380005 0
145.419998 0
145.459991 0
145.5 0
145.540009 0
145.580002 0
145.619995 0
145.660004 0
145.699997 0
145.73999 0
145.779999 0
145.820007 0
145.860001 0
145.899994 0
145.940002 0
145.980011 0
146.019989 0
146.059998 0
146.100006 0
146.139999 0
146.179993 0
146.220001 0
146.26001 0
146.300003 0
146.339996 0
146.380005 0
146.419998 0
146.459991 0
146.5 0
146.540009 0
146.580002 0
146.619995 0
146.660004 0
146.699997 0
146.73999 0
146.779999 0
146.820007 0
146.860001 0
146.899994 0
146.940002 0
146.980011 0
147.019989 0
147.059998 0
147.100006 0
147.139999 0
147.179993 0
147.220001 0
147.26001 0
147.300003 0
147.339996 0
147.380005 0
147.419998 0
147.459991 0
147.5 0
147.540009 0
147.580002 0
147.619995 0
147.660004 0
147.699997 0
147.73999 0
147.779999 0
147.820007 0
147.860001 0
147.899994 0
147.940002 0
147.980011 0
148.019989 0
148.059998 0
148.100006 0
148.139999 0
148.179993 0
148.220001 0
148.26001 0
148.300003 0
148.339996 0
148.380005 0
148.419998 0
148.459991 0
148.5 0
148.540009 0
148.580002 0
148.619995 0
148.660004 0
148.699997 0
148.73999 0
148.779999 0
148.820007 0
148.860001 0
148.899994 0
148.940002 0
148.980011 0
149.019989 0
149.059998 0
149.100006 0
149.139999 0
149.179993 0
149.220001 0
149.26001 0
149.300003 0
149.339996 0
149.380005 0
149.419998 0
149.459991 0
149.5 0
149.540009 0
149.580002 0
149.619995 0
149.660004 0
149.699997 0
149.73999 0
149.779999 0
149.820007 0
149.860001 0
149.899994 0
149.940002 0
149.980011 0
150.019989 0
150.059998 0
150.100006 0
150.139999 0
150.179993 0
150.220001 0
150.26001 0
150.300003 0
150.339996 0
150.380005 0
150.419998 0
150.459991 0
150.5 0
150.540009 0
150.580002 0
150.619995 0
150.660004 0
150.699997 0
150.73999 0
150.779999 0
150.820007 0
150.860001 0
150.899994 0
150.940002 0
150.980011 0
151.019989 0
151.059998 0
151.100006 0
151.139999 0
151.179993 0
151.220001 0
151.26001 0
151.300003 0
151.339996 0
151.380005 0
151.419998 0
151.459991 0
151.5 0
151.540009 0
151.580002 0
151.619995 0
151.660004 0
151.699997 0
151.73999 0
151.779999 0
151.820007 0
151.860001 0
151.899994 0
151.940002 0
151.980011 0
152.019989 0
152.059998 0
152.100006 0
152.139999 0
152.179993 0
152.220001 0
152.26001 0
152.300003 0
152.339996 0
152.380005 0
152.419998 0
152.459991 0
152.5 0
152.540009 0
152.580002 0
152.619995 0
152.660004 0
152.699997 0
152.73999 0
152.779999 0
152.820007 0
152.860001 0
152.899994 0
152.940002 0
152.980011 0
153.019989 0
153.059998 0
153.100006 0
153.139999 0
153.179993 0
153.220001 0
153.26001 0
153.300003 0
153.339996 0
153.380005 0
153.419998 0
153.459991 0
153.5 0
153.540009 0
153.580002 0
153.619995 0
153.660004 0
153.699997 0
153.73999 0
153.779999 0
153.820007 0
153.860001 0
153.899994 0
153.940002 0
153.980011 0
154.019989 0
154.059998 0
154.100006 0
154.139999 0
154.179993 0
154.220001 0
154.26001 0
154.300003 0
154.339996 0
154.380005 0
154.419998 0
154.459991 0
154.5 0
154.540009 0
154.580002 0
154.619995 0
154.660004 0
154.699997 0
154.73999 0
154.779999 0
154.820007 0
154.860001 0
154.899994 0
154.940002 0
154.980011 0
155.019989 0
155.059998 0
155.100006 0
155.139999 0
155.179993 0
155.220001 0
155.26001 0
155.300003 0
155.339996 0
155.380005 0
155.419998 0
155.459991 0
155.5 0
155.540009 0
155.580002 0
155.619995 0
155.660004 0
155.699997 0
155.73999 0
155.779999 0
155.820007 0
155.860001 0
155.899994 0
155.940002 0
155.980011 0
156.019989 0
156.059998 0
156.100006 0
156.139999 0
156.179993 0
156.220001 0
156.26001 0
156.300003 0
156.339996 0
156.380005 0
156.419998 0
156.459991 0
156.5 0
156.540009 0
156.580002 0
156.619995 0
156.660004 0
156.699997 0
156.73999 0
156.779999 0
156.820007 0
156.860001 0
156.899994 0
156.940002 0
156.980011 0
157.019989 0
157.059998 0
157.100006 0
157.139999 0
157.179993 0
157.220001 0
157.26001 0
157.300003 0
157.339996 0
157.380005 0
157.419998 0
157.459991 0
157.5 0
157.540009 0
157.580002 0
157.619995 0
157.660004 0
157.699997 0
157.73999 0
157.779999 0
157.820007 0
157.860001 0
157.899994 0
157.940002 0
157.980011 0
158.019989 0
158.059998 0
158.100006 0
158.139999 0
158.179993 0
158.220001 0
158.26001 0
158.300003 0
158.339996 0
158.380005 0
158.419998 0
158.459991 0
158.5 0
158.540009 0
158.580002 0
158.619995 0
158.660004 0
158.699997 0
158.73999 0
158.779999 0
158.820007 0
158.860001 0
158.899994 0
158.940002 0
158.980011 0
159.019989 0
159.059998 0
159.100006 0
159.139999 0
159.179993 0
159.220001 0
159.26001 0
159.300003 0
159.339996 0
159.380005 0
159.419998 0
159.459991 0
159.5 0
159.540009 0
159.580002 0
159.619995 0
159.660004 0
159.699997 0
159.73999 0
159.779999 0
159.820007 0
159.860001 0
159.899994 0
159.940002 0
159.980011 0
160.019989 0
160.059998 0
160.100006 0
160.139999 0
160.179993 0
160.220001 0
160.26001 0
160.300003 0
160.339996 0
160.380005 0
160.419998 0
160.459991 0
160.5 0
160.540009 0
160.580002 0
160.619995 0
160.660004 0
160.699997 0
160.73999 0
160.779999 0
160.820007 0
160.860001 0
160.899994 0
160.940002 0
160.980011 0
161.019989 0
161.059998 0
161.100006 0
161.139999 0
161.179993 0
161.220001 0
161.26001 0
161.300003 0
161.339996 0
161.380005 0
161.419998 0
161.459991 0
161.5 0
161.540009 0
161.580002 0
161.619995 0
161.660004 0
161.699997 0
161.73999 0
161.779999 0
161.820007 0
161.860001 0
161.899994 0
161.940002 0
161.980011 0
162.019989 0
162.059998 0
162.100006 0
162.139999 0
162.179993 0
162.220001 0
162.26001 0
162.300003 0
162.339996 0
162.380005 0
162.419998 0
162.459991 0
162.5 0
162.540009 0
162.580002 0
162.619995 0
162.660004 0
162.699997 0
162.73999 0
162.779999 0
162.820007 0
162.860001 0
162.899994 0
162.940002 0
162.980011 0
163.019989 0
163.059998 0
163.100006 0
163.139999 0
163.179993 0
163.220001 0
163.26001 0
163.300003 0
163.339996 0
163.380005 0
163.419998 0
163.459991 0
163.5 0
163.540009 0
163.580002 0
163.619995 0
163.660004 0
163.699997 0
163.73999 0
163.779999 0
163.820007 0
163.860001 0
163.899994 0
163.940002 0
163.980011 0
164.019989 0
164.059998 0
164.100006 0
164.139999 0
164.179993 0
164.220001 0
164.26001 0
164.300003 0
164.339996 0
164.380005 0
164.419998 0
164.459991 0
164.5 0
164.540009 0
164.580002 0
164.619995 0
164.660004 0
164.699997 0
164.73999 0
164.779999 0
164.820007 0
164.860001 0
164.899994 0
164.940002 0
164.980011 0
165.019989 0
165.059998 0
165.100006 0
165.139999 0
165.179993 0
165.220001 0
165.26001 0
165.300003 0
165.339996 0
165.380005 0
165.419998 0
