19:13:02.620       5.8682384       22.702891       381.33838       644.32957       282.74495       10.394728
19:13:14.620       5.8853488       22.718758       382.73885       645.32339       283.03117       10.403652
19:13:26.620       5.8828305       23.171129       393.10727       651.11670       283.62052       10.422865
19:13:38.630       5.9679590       23.911882       400.73023       662.97076       286.81984       10.581822
19:13:50.620       6.0403782       24.156383       405.26141       666.43697       288.58677       10.616646
19:14:02.630       6.1101614       23.997808       401.39149       667.70652       290.45567       10.689096
19:14:14.620       6.0935217       23.389640       390.32205       657.14119       289.08354       10.606639
19:14:26.620       6.0247034       23.149212       386.71336       652.60440       285.94537       10.531363
19:14:38.630       6.0187254       22.944637       383.53411       647.05861       284.40622       10.472287
19:14:50.620       6.0474153       22.867492       383.04391       646.52130       283.28582       10.434544
